IID,predict,actual,pheno_num
HG01589,-0.0212765,0.507799,1
HG02654,0.167066,1.594244,1
HG02685,0.0741345,0.731292,1
HG02691,0.242276,0.141037,1
HG02731,-0.00707551,-0.464455,1
HG02734,-0.21474,1.006327,1
HG02736,-0.109821,0.387926,1
HG02774,0.0692785,-0.30994,1
HG02783,0.118365,-0.044391,1
HG02784,0.00369449,1.476006,1
HG03006,-0.0211285,0.116363,1
HG03009,-0.0830235,-0.102453,1
HG03016,-0.109865,0.056269,1
HG03021,0.0211115,-0.881345,1
HG03490,0.144379,0.973548,1
HG03603,0.0577745,-0.415648,1
HG03611,-0.142917,0.352651,1
HG03619,0.109495,-0.316276,1
HG03629,-0.201483,0.115397,1
HG03643,-0.00360551,-1.037716,1
HG03645,0.0244275,-1.040798,1
HG03649,0.351148,0.211471,1
HG03653,-0.00905651,-0.477379,1
HG03673,0.197481,0.523572,1
HG03681,-0.201535,-0.063486,1
HG03691,0.0804715,-0.504999,1
HG03718,-0.233628,-0.380015,1
HG03744,-0.111784,-0.536633,1
HG03746,-0.152275,0.268483,1
HG03750,-0.381783,-0.275112,1
HG03756,-0.201529,-0.45238,1
HG03774,0.0910075,0.056264,1
HG03781,0.0383095,-0.364109,1
HG03787,-0.145248,0.220156,1
HG03802,-0.00470151,0.674059,1
HG03821,-0.188379,0.078911,1
HG03823,0.0940965,2.014697,1
HG03830,0.0401635,0.661386,1
HG03851,0.0664945,0.712063,1
HG03861,-0.223666,-0.228605,1
HG03866,-0.0513315,-1.57859,1
HG03869,0.0668185,0.348762,1
HG03897,0.0145355,1.91666,1
HG03910,-0.126116,-0.074861,1
HG03940,-0.0424565,1.523138,1
HG03941,0.267385,-1.434031,1
HG03943,-0.153271,-1.532373,1
HG03978,-0.0817075,-0.239732,1
HG03999,0.0538905,-0.971941,1
HG04001,0.0760035,-0.327043,1
HG04017,0.0592265,0.469193,1
HG04020,-0.102343,-0.036234,1
HG04025,0.0290215,1.30273,1
HG04035,-0.102993,0.676736,1
HG04047,0.00969349,-0.032628,1
HG04059,0.101007,2.563837,1
HG04061,0.0902455,1.101185,1
HG04100,0.0956735,-0.215376,1
HG04131,0.0572395,-0.190111,1
HG04156,0.0911655,0.235795,1
HG04162,-0.300089,-0.041825,1
HG04183,0.0938515,0.570068,1
HG04211,-0.0808995,0.874416,1
HG04238,-0.0998885,-1.459931,1
NA20845,0.204734,0.906288,1
NA20854,0.14071,0.246293,1
NA20856,-0.0490025,0.965558,1
NA20869,-0.0216905,-0.953946,1
NA20870,0.200857,0.523145,1
NA20878,0.209923,-0.006714,1
NA20885,-0.186027,-0.869793,1
NA20899,0.192412,1.617217,1
NA20900,0.0555265,0.545495,1
NA20901,0.0855985,0.551565,1
NA20903,0.184464,-0.587075,1
NA20910,0.0443575,-0.372032,1
NA21086,0.154632,0.364679,1
NA21091,0.0797735,-0.106673,1
NA21092,-0.16167,-0.135194,1
NA21094,-0.16735,0.299449,1
NA21113,-0.0990545,0.678246,1
HG01589,0.232749,0.9227,2
HG02654,0.273712,-0.86184,2
HG02685,-0.355394,0.977903,2
HG02691,0.113123,0.155247,2
HG02731,-0.0523347,-0.502572,2
HG02734,-0.137842,-1.24853,2
HG02736,-0.12753,-0.381751,2
HG02774,0.412141,1.426355,2
HG02783,0.138476,0.798885,2
HG02784,0.187077,1.402206,2
HG03006,-0.0863557,-1.560194,2
HG03009,0.112771,0.088848,2
HG03016,0.17667,0.198765,2
HG03021,0.262341,0.693444,2
HG03490,-0.190179,1.373464,2
HG03603,-0.131209,0.501116,2
HG03611,-0.233957,1.663574,2
HG03619,0.19325,-0.686291,2
HG03629,0.369852,-0.807837,2
HG03643,0.0449893,1.143225,2
HG03645,-0.11436,-0.791057,2
HG03649,-0.148749,0.676077,2
HG03653,0.152408,-0.185079,2
HG03673,-0.0405217,-0.321311,2
HG03681,0.0531263,0.45915,2
HG03691,0.0386863,-0.379277,2
HG03718,-0.0518237,0.282124,2
HG03744,-0.0185947,-0.095797,2
HG03746,-0.353527,0.749319,2
HG03750,0.373959,-0.280027,2
HG03756,-0.267333,0.686815,2
HG03774,-0.264806,0.459381,2
HG03781,0.10464,0.632096,2
HG03787,0.0994713,0.578284,2
HG03802,0.0304363,1.104208,2
HG03821,0.0733773,-0.190615,2
HG03823,-0.490665,0.77864,2
HG03830,-0.0484877,0.827691,2
HG03851,-0.17874,0.220312,2
HG03861,-0.124685,-0.645308,2
HG03866,-0.0627837,0.083179,2
HG03869,0.378932,0.808904,2
HG03897,-0.0327147,0.795419,2
HG03910,0.0766533,0.401107,2
HG03940,0.279676,1.6989,2
HG03941,-0.113171,-0.879751,2
HG03943,0.185702,-0.211456,2
HG03978,-0.266902,0.637622,2
HG03999,0.452392,1.9896,2
HG04001,-0.0222667,1.128338,2
HG04017,-0.435985,0.244792,2
HG04020,0.0498903,-0.03759,2
HG04025,-0.247857,0.657896,2
HG04035,0.0582613,0.601066,2
HG04047,0.317668,-0.152225,2
HG04059,-0.220247,0.408548,2
HG04061,0.0687653,1.401928,2
HG04100,-0.134805,0.233599,2
HG04131,0.115924,-0.50211,2
HG04156,-0.286904,-1.051601,2
HG04162,0.144771,0.466728,2
HG04183,-0.455661,-0.616744,2
HG04211,0.0258313,0.602348,2
HG04238,-0.0285267,1.70863,2
NA20845,-0.0785197,0.834943,2
NA20854,-0.0938697,-1.390709,2
NA20856,0.0698853,0.300336,2
NA20869,0.0841253,-0.207899,2
NA20870,-0.10195,-1.618593,2
NA20878,0.458071,0.285419,2
NA20885,-0.127503,-0.837883,2
NA20899,-0.265253,-1.02434,2
NA20900,-0.355549,-1.59081,2
NA20901,-0.0419677,-0.884054,2
NA20903,0.0704403,-0.520646,2
NA20910,0.0634593,-0.162399,2
NA21086,0.0637663,1.519602,2
NA21091,-0.1785,0.098223,2
NA21092,0.0622313,-0.0147,2
NA21094,-0.0295827,-0.041016,2
NA21113,0.172345,1.085215,2
HG01589,-0.205306,-0.942404,3
HG02654,-0.100361,1.306081,3
HG02685,-0.0163599,-0.669283,3
HG02691,-0.0845519,-0.011115,3
HG02731,0.141351,-0.092134,3
HG02734,-0.138179,0.311485,3
HG02736,0.0486041,0.840707,3
HG02774,0.223499,-1.822523,3
HG02783,-0.0704289,-0.3928,3
HG02784,0.0835221,0.274373,3
HG03006,-0.131339,0.26568,3
HG03009,-0.115657,1.508452,3
HG03016,-0.0864819,0.618842,3
HG03021,0.0547321,0.103201,3
HG03490,0.00165907,1.306905,3
HG03603,0.255629,0.186365,3
HG03611,0.0708241,-1.555487,3
HG03619,-0.130116,-0.934038,3
HG03629,-0.146627,0.017374,3
HG03643,0.193633,-0.547133,3
HG03645,-0.0520619,1.162828,3
HG03649,-0.0887209,0.519811,3
HG03653,-0.0475769,1.156008,3
HG03673,0.0240591,2.484944,3
HG03681,0.00927008,0.182687,3
HG03691,0.0403771,-2.644781,3
HG03718,0.100095,0.234002,3
HG03744,0.198745,0.847872,3
HG03746,-0.0181679,1.53601,3
HG03750,0.0582501,1.621301,3
HG03756,-0.0197949,-0.106463,3
HG03774,0.00964408,1.535048,3
HG03781,-0.204155,-0.784152,3
HG03787,0.10596,0.873561,3
HG03802,-0.12152,-0.626983,3
HG03821,-0.00531293,-1.592685,3
HG03823,-0.0743259,0.208344,3
HG03830,-0.162046,-1.397084,3
HG03851,0.104847,0.257961,3
HG03861,-0.273061,0.71959,3
HG03866,0.0782311,0.680513,3
HG03869,-0.0706939,-0.325175,3
HG03897,0.246015,0.115244,3
HG03910,-0.0298899,-0.956875,3
HG03940,-0.118017,1.113871,3
HG03941,0.0524931,1.082241,3
HG03943,0.100604,1.062803,3
HG03978,0.257254,-0.68891,3
HG03999,-0.0503349,-0.671761,3
HG04001,0.0742731,1.008154,3
HG04017,-0.29102,1.147529,3
HG04020,-0.0157839,-1.515757,3
HG04025,-0.22691,0.496486,3
HG04035,0.239132,-1.386893,3
HG04047,0.0650391,0.611991,3
HG04059,-0.113638,1.246149,3
HG04061,-0.0406479,2.405807,3
HG04100,-0.0856989,-1.647961,3
HG04131,-0.0610459,-0.207659,3
HG04156,0.189366,0.386739,3
HG04162,0.11306,-0.599921,3
HG04183,0.281516,-0.124656,3
HG04211,-0.172668,-1.471484,3
HG04238,-0.176557,-0.665437,3
NA20845,0.168823,-1.108052,3
NA20854,0.0448461,-0.097143,3
NA20856,0.0488091,-0.13651,3
NA20869,-0.0149239,2.067898,3
NA20870,0.114978,-1.493558,3
NA20878,-0.0906969,-0.545964,3
NA20885,-0.0548949,-0.527687,3
NA20899,0.24464,0.122268,3
NA20900,0.456092,0.82237,3
NA20901,-0.137601,-0.351257,3
NA20903,-0.104632,0.610928,3
NA20910,0.0395861,2.069345,3
NA21086,-0.0335359,-1.801487,3
NA21091,-0.00282292,1.338338,3
NA21092,0.0379161,0.979435,3
NA21094,0.0546601,-0.409104,3
NA21113,0.00821908,1.146472,3
HG01589,-0.173284,0.307734,4
HG02654,0.162893,1.69232,4
HG02685,-0.504093,0.848193,4
HG02691,-0.173923,0.734918,4
HG02731,-0.111084,0.71861,4
HG02734,0.0649981,-0.318117,4
HG02736,-0.161681,0.334327,4
HG02774,-0.212074,0.726777,4
HG02783,-0.0976899,0.464722,4
HG02784,-0.304349,-0.368078,4
HG03006,0.163999,-0.133122,4
HG03009,-0.140453,-0.149303,4
HG03016,0.122012,-0.79871,4
HG03021,-0.177029,-1.77776,4
HG03490,0.478013,2.59596,4
HG03603,0.29592,2.364922,4
HG03611,-0.0923809,0.530516,4
HG03619,-0.210812,-0.630444,4
HG03629,0.0242371,-0.63815,4
HG03643,0.164639,-0.725544,4
HG03645,0.114917,0.233094,4
HG03649,0.721782,1.359589,4
HG03653,-0.30794,1.210997,4
HG03673,0.0335731,-0.610128,4
HG03681,-0.236934,0.535066,4
HG03691,-0.165258,-0.66331,4
HG03718,-0.0179419,0.714213,4
HG03744,-0.0167879,1.309839,4
HG03746,-0.0564269,-0.928805,4
HG03750,0.154113,0.834273,4
HG03756,-0.125473,0.364756,4
HG03774,0.150397,-0.952337,4
HG03781,-0.00832194,-0.990752,4
HG03787,-0.0136939,1.105131,4
HG03802,-0.200184,0.186614,4
HG03821,0.0243731,1.49022,4
HG03823,0.109208,-0.705362,4
HG03830,-0.384224,-0.33307,4
HG03851,0.101733,-0.738668,4
HG03861,0.137251,0.201826,4
HG03866,0.0505821,0.385483,4
HG03869,-0.0457239,0.904863,4
HG03897,0.0137031,0.904655,4
HG03910,-0.222394,-1.362507,4
HG03940,0.0686131,2.912531,4
HG03941,0.0379951,1.198496,4
HG03943,0.125695,-2.069751,4
HG03978,-0.0121219,1.143643,4
HG03999,-0.00147094,1.875482,4
HG04001,0.224943,1.071031,4
HG04017,0.199104,0.665968,4
HG04020,0.183004,1.272079,4
HG04025,-0.0841199,-0.239342,4
HG04035,-0.0857019,1.350556,4
HG04047,-0.160662,-0.175399,4
HG04059,0.0656681,-0.327268,4
HG04061,0.167363,1.998864,4
HG04100,-0.134459,-0.639461,4
HG04131,0.0170481,1.063694,4
HG04156,0.15988,0.716786,4
HG04162,0.171348,-2.745539,4
HG04183,-0.0480759,0.654868,4
HG04211,0.0654381,-0.848207,4
HG04238,-0.0376599,-0.673539,4
NA20845,-0.0332869,-1.173559,4
NA20854,-0.0112869,-0.519676,4
NA20856,-0.281013,0.338205,4
NA20869,0.156859,-0.090623,4
NA20870,-0.0112719,-0.487994,4
NA20878,0.101968,-0.285621,4
NA20885,-0.0225149,-0.04456,4
NA20899,0.184584,0.066984,4
NA20900,-0.111417,0.657091,4
NA20901,0.155063,0.451831,4
NA20903,0.28274,0.859281,4
NA20910,-0.246545,0.448716,4
NA21086,-0.0982079,0.634355,4
NA21091,-0.0808759,-0.791847,4
NA21092,-0.0391309,1.1253,4
NA21094,-0.0150039,-1.402185,4
NA21113,0.107906,0.273228,4
HG01589,0.180095,-0.538636,5
HG02654,0.502651,-0.734295,5
HG02685,0.270588,0.001949,5
HG02691,0.781247,1.429142,5
HG02731,-0.273459,1.30663,5
HG02734,-0.317704,-1.149126,5
HG02736,0.386324,-0.706851,5
HG02774,0.706638,-0.343733,5
HG02783,-0.404378,-0.840063,5
HG02784,-0.0957267,-0.038322,5
HG03006,-0.359693,0.775967,5
HG03009,-0.0667057,-0.577408,5
HG03016,0.469513,-0.159729,5
HG03021,0.0279753,-0.619974,5
HG03490,-0.154506,-0.557644,5
HG03603,0.204784,0.424926,5
HG03611,-0.137787,0.834855,5
HG03619,0.461312,-0.115398,5
HG03629,-0.191057,-0.377271,5
HG03643,-0.0698227,-1.144517,5
HG03645,0.0435033,1.297191,5
HG03649,-0.727512,-2.494455,5
HG03653,0.407602,-0.630018,5
HG03673,-0.372745,-0.492131,5
HG03681,0.395002,0.495111,5
HG03691,0.48922,1.367215,5
HG03718,-0.290846,1.446648,5
HG03744,0.205038,0.444299,5
HG03746,-0.384157,-1.630706,5
HG03750,1.09256,0.884588,5
HG03756,0.192375,-0.704681,5
HG03774,-0.163913,0.509929,5
HG03781,0.214446,-0.187322,5
HG03787,-0.0463287,-0.042862,5
HG03802,0.300584,1.493863,5
HG03821,0.0716113,1.067613,5
HG03823,-0.0314207,-1.766347,5
HG03830,0.32063,0.290591,5
HG03851,-0.506852,1.606642,5
HG03861,0.366633,0.569937,5
HG03866,-0.472533,-1.063744,5
HG03869,0.285659,-0.623156,5
HG03897,-0.549576,-1.508685,5
HG03910,0.141427,0.268731,5
HG03940,-0.459772,-0.53467,5
HG03941,-0.233567,1.379793,5
HG03943,-0.187737,-1.201688,5
HG03978,-0.463785,-0.888503,5
HG03999,-0.204368,0.826923,5
HG04001,0.0196083,0.473417,5
HG04017,-0.0922847,-1.314592,5
HG04020,0.0873713,-0.774419,5
HG04025,-0.424989,0.430278,5
HG04035,-0.123158,-0.802212,5
HG04047,-0.0449007,-0.911673,5
HG04059,-0.439353,-0.918198,5
HG04061,-0.0797667,0.284514,5
HG04100,0.0624623,-0.867403,5
HG04131,-0.17469,-1.083373,5
HG04156,-0.277903,-0.513822,5
HG04162,-0.85514,1.16262,5
HG04183,0.340561,-1.466535,5
HG04211,0.0419283,0.797274,5
HG04238,-0.246766,0.8094,5
NA20845,-0.221617,-0.31286,5
NA20854,-0.246103,1.314806,5
NA20856,1.02256,0.720505,5
NA20869,-0.620671,0.956769,5
NA20870,-0.520873,-1.239128,5
NA20878,-0.109849,-0.239498,5
NA20885,0.122028,-0.00111,5
NA20899,0.479716,1.721073,5
NA20900,-0.10534,-1.643526,5
NA20901,-0.265731,-0.352799,5
NA20903,0.579312,-0.058526,5
NA20910,0.358165,1.920275,5
NA21086,0.151821,1.579234,5
NA21091,-0.199029,0.061353,5
NA21092,-0.279492,-0.994337,5
NA21094,0.378514,-0.171993,5
NA21113,0.226779,2.009557,5
HG01589,-0.22351,0.256602,6
HG02654,0.149466,-0.089508,6
HG02685,-0.453981,0.610457,6
HG02691,-0.0803593,-0.509197,6
HG02731,0.0412177,1.648251,6
HG02734,0.0248907,0.150791,6
HG02736,-0.0630943,-1.302294,6
HG02774,-0.117192,-0.712874,6
HG02783,-0.544527,0.280189,6
HG02784,-0.259318,-0.181562,6
HG03006,-0.157496,-1.169687,6
HG03009,0.266951,0.51351,6
HG03016,-0.110205,-0.130196,6
HG03021,-0.299048,-0.173965,6
HG03490,0.0930247,-1.470076,6
HG03603,0.00355466,-1.006813,6
HG03611,0.415041,2.350159,6
HG03619,0.188798,0.150516,6
HG03629,0.199214,0.986456,6
HG03643,-0.429938,0.030511,6
HG03645,-0.0814573,-0.749215,6
HG03649,-0.412368,0.342029,6
HG03653,-0.356217,0.044786,6
HG03673,-0.488247,0.021644,6
HG03681,0.51658,0.400399,6
HG03691,0.218953,-0.343075,6
HG03718,0.0195387,1.688012,6
HG03744,0.0976337,0.801476,6
HG03746,0.130275,-0.146709,6
HG03750,0.169389,0.679552,6
HG03756,0.0494487,-0.626662,6
HG03774,0.358467,0.421714,6
HG03781,-0.43296,-1.095978,6
HG03787,0.385524,-0.337513,6
HG03802,-0.0168833,0.23702,6
HG03821,-0.151132,0.20331,6
HG03823,-0.198177,-0.784142,6
HG03830,0.0316797,0.843087,6
HG03851,-0.258326,-0.724999,6
HG03861,-0.361675,-0.2397,6
HG03866,-0.174713,-0.568811,6
HG03869,-0.0939583,1.637009,6
HG03897,0.0720437,0.146478,6
HG03910,0.32103,0.738469,6
HG03940,-0.838015,-0.271859,6
HG03941,0.209305,-0.665794,6
HG03943,0.0633157,-0.687058,6
HG03978,0.193365,-1.21495,6
HG03999,0.100664,0.257884,6
HG04001,0.196678,-1.134547,6
HG04017,-0.231522,1.27345,6
HG04020,-0.0236063,-2.281599,6
HG04025,0.0841317,-0.895064,6
HG04035,0.0720217,0.107409,6
HG04047,-0.284445,1.69311,6
HG04059,-0.286201,-0.51261,6
HG04061,0.306563,1.059961,6
HG04100,0.245349,1.190186,6
HG04131,-0.418754,-0.273025,6
HG04156,-0.0200103,-2.018792,6
HG04162,0.271019,1.011778,6
HG04183,0.392235,-0.696277,6
HG04211,0.00602066,0.120063,6
HG04238,0.190813,1.733306,6
NA20845,0.237788,-0.153688,6
NA20854,0.0665357,-0.998875,6
NA20856,0.395711,0.553573,6
NA20869,0.0921107,-0.197806,6
NA20870,0.176601,-0.499016,6
NA20878,0.229026,1.300523,6
NA20885,0.470619,-0.68333,6
NA20899,0.0569527,0.58129,6
NA20900,-0.179053,1.724284,6
NA20901,0.153543,-1.534864,6
NA20903,-0.0551323,0.443649,6
NA20910,0.35785,-2.363271,6
NA21086,-0.292881,-0.886298,6
NA21091,0.10424,-0.320072,6
NA21092,-0.525492,0.43933,6
NA21094,0.364587,0.945483,6
NA21113,-0.0489043,1.600198,6
HG01589,0.283381,-0.104555,7
HG02654,0.238288,2.176889,7
HG02685,-0.0975643,-0.258748,7
HG02691,-0.0162983,-1.844676,7
HG02731,0.0383537,1.176569,7
HG02734,0.0971257,1.048626,7
HG02736,-0.0661383,0.250515,7
HG02774,-0.0113553,0.401062,7
HG02783,0.114794,1.082718,7
HG02784,0.0427787,0.899874,7
HG03006,0.0618567,-0.043564,7
HG03009,0.238245,0.258957,7
HG03016,-0.0329773,-0.061306,7
HG03021,0.226984,1.513845,7
HG03490,-0.0419613,0.291046,7
HG03603,-0.0388003,0.370775,7
HG03611,0.149813,-0.504117,7
HG03619,-0.0876243,-0.311477,7
HG03629,-0.0624563,-0.509795,7
HG03643,0.197986,0.792219,7
HG03645,0.0233027,0.015254,7
HG03649,-0.256789,-1.001152,7
HG03653,-0.0661983,-1.611353,7
HG03673,-0.00449834,1.188226,7
HG03681,-0.147759,-1.63629,7
HG03691,0.0638007,-0.339291,7
HG03718,0.0217057,-0.216925,7
HG03744,-0.106601,0.482003,7
HG03746,-0.118961,-0.594385,7
HG03750,-0.1224,-2.741284,7
HG03756,-0.0616973,0.50594,7
HG03774,-0.177966,-1.103367,7
HG03781,0.0242717,-1.832676,7
HG03787,-0.0428493,-0.739415,7
HG03802,0.0143147,-0.015014,7
HG03821,-0.133845,-0.563519,7
HG03823,-0.0119503,0.473263,7
HG03830,-0.0800983,-0.293078,7
HG03851,-0.259436,0.452575,7
HG03861,0.0554167,-1.008082,7
HG03866,-0.258673,-2.23452,7
HG03869,0.142535,1.417164,7
HG03897,0.135656,1.294112,7
HG03910,0.113744,0.346052,7
HG03940,-0.00982834,0.51891,7
HG03941,0.249588,0.637054,7
HG03943,0.149111,-1.803891,7
HG03978,0.0492157,-0.26685,7
HG03999,0.0102857,-1.545856,7
HG04001,0.0710437,-0.681459,7
HG04017,-0.0500833,-0.2203,7
HG04020,-0.0832123,-0.499904,7
HG04025,-0.116013,-1.34972,7
HG04035,0.00948466,-1.60685,7
HG04047,0.0158937,1.208652,7
HG04059,0.13119,0.101675,7
HG04061,0.0473407,-0.028888,7
HG04100,0.193472,0.845359,7
HG04131,-0.0574493,-0.536948,7
HG04156,-0.137714,0.115888,7
HG04162,-0.110641,0.571096,7
HG04183,0.0143377,0.487259,7
HG04211,-0.118948,-1.976385,7
HG04238,-0.133356,0.505173,7
NA20845,0.0924677,2.07664,7
NA20854,-0.0911553,-0.01892,7
NA20856,-0.126611,-1.823481,7
NA20869,-0.166359,0.111715,7
NA20870,-0.00769134,0.046368,7
NA20878,-0.0310633,0.825204,7
NA20885,-0.0925873,-1.75934,7
NA20899,0.0385637,0.471247,7
NA20900,0.158861,1.334835,7
NA20901,-0.148431,1.340376,7
NA20903,0.150401,-0.072896,7
NA20910,0.0829587,-0.49058,7
NA21086,-0.13968,-1.613637,7
NA21091,-0.14311,-0.542969,7
NA21092,0.119758,-0.368568,7
NA21094,0.129402,0.310888,7
NA21113,0.229978,-0.192864,7
HG01589,-0.0454492,0.413662,8
HG02654,0.256135,-0.466332,8
HG02685,-0.00603016,0.380595,8
HG02691,-0.12242,-0.260391,8
HG02731,-0.0454092,1.168411,8
HG02734,0.0189448,-0.170817,8
HG02736,-0.0278532,-0.084365,8
HG02774,-0.132942,-0.109802,8
HG02783,0.0442728,-2.458234,8
HG02784,-0.0501342,1.025069,8
HG03006,0.0112088,-0.837096,8
HG03009,0.183653,1.53492,8
HG03016,-0.0878712,-0.128291,8
HG03021,-0.0226882,0.948677,8
HG03490,0.0131078,0.795775,8
HG03603,-0.0532652,1.303775,8
HG03611,0.248111,0.098849,8
HG03619,-0.0669532,1.043887,8
HG03629,-0.0505872,-0.40096,8
HG03643,0.329798,1.019395,8
HG03645,0.180357,0.420044,8
HG03649,-0.0613122,1.166617,8
HG03653,-0.118378,-0.504873,8
HG03673,-0.175854,2.075522,8
HG03681,-0.215325,-0.234947,8
HG03691,0.220757,1.723083,8
HG03718,-0.0985772,0.717839,8
HG03744,-0.00861916,-0.322277,8
HG03746,0.0380268,-0.279866,8
HG03750,-0.0290532,-0.492679,8
HG03756,-0.127724,0.333544,8
HG03774,0.177628,0.56302,8
HG03781,-0.107722,-0.53019,8
HG03787,-0.0580982,-0.253401,8
HG03802,-0.170426,1.103694,8
HG03821,-0.00846316,0.808985,8
HG03823,0.127231,0.477095,8
HG03830,-0.28659,2.14752,8
HG03851,0.0542948,-0.994231,8
HG03861,0.0149508,0.261947,8
HG03866,0.19634,0.395144,8
HG03869,0.39715,0.759463,8
HG03897,0.266256,0.252593,8
HG03910,0.00562684,0.658482,8
HG03940,0.0619968,-0.891855,8
HG03941,0.326014,0.50975,8
HG03943,0.18028,0.599593,8
HG03978,0.0105968,1.011595,8
HG03999,-0.0364932,0.891241,8
HG04001,0.0675408,1.551577,8
HG04017,-0.162588,1.068467,8
HG04020,0.0156208,-0.904509,8
HG04025,0.00139584,0.179948,8
HG04035,-0.0440862,1.623477,8
HG04047,-0.10187,-0.139522,8
HG04059,0.11711,0.432601,8
HG04061,-0.00753816,-1.124626,8
HG04100,-0.00173916,0.128607,8
HG04131,0.0647548,0.81645,8
HG04156,0.0774558,-0.096744,8
HG04162,-0.109454,-0.037047,8
HG04183,-0.123474,-0.03889,8
HG04211,0.00279884,-0.247088,8
HG04238,-0.00477916,-0.576908,8
NA20845,0.0384628,1.462999,8
NA20854,0.0107698,-2.108985,8
NA20856,-0.127702,-0.318334,8
NA20869,0.151826,0.882925,8
NA20870,-0.0930782,1.066897,8
NA20878,-0.10492,1.661161,8
NA20885,-0.0453722,0.061944,8
NA20899,-0.386169,0.054319,8
NA20900,0.106171,0.741079,8
NA20901,-0.264879,1.240376,8
NA20903,-0.0733152,0.090627,8
NA20910,-0.0212552,-0.515927,8
NA21086,-0.118346,0.080316,8
NA21091,0.198836,0.774294,8
NA21092,0.143206,0.736128,8
NA21094,-0.0659242,0.215892,8
NA21113,-0.181782,-0.434251,8
HG01589,-0.226625,-0.302723,9
HG02654,0.0271456,-0.393213,9
HG02685,0.10255,-0.669299,9
HG02691,0.0686546,-0.524589,9
HG02731,-0.00460845,0.451079,9
HG02734,0.200022,-0.031946,9
HG02736,0.144885,-1.280984,9
HG02774,-0.0947564,-0.41413,9
HG02783,-0.0462365,-0.117483,9
HG02784,-0.410373,0.398195,9
HG03006,-0.00048245,1.105744,9
HG03009,-0.193481,-1.557309,9
HG03016,0.671477,1.581345,9
HG03021,-0.0846315,-1.249413,9
HG03490,-0.134113,0.324233,9
HG03603,0.181061,-0.819943,9
HG03611,0.764613,1.503237,9
HG03619,-0.0767544,-0.411644,9
HG03629,-0.20844,1.330191,9
HG03643,-0.0809794,1.271099,9
HG03645,0.26167,-0.375912,9
HG03649,-0.228505,-0.217458,9
HG03653,-0.264516,-0.069864,9
HG03673,0.104171,-0.206357,9
HG03681,-0.0894884,-1.039671,9
HG03691,0.0313686,-0.591291,9
HG03718,0.273728,-0.923963,9
HG03744,0.112597,0.452721,9
HG03746,0.0623436,0.527683,9
HG03750,-0.209647,-0.218403,9
HG03756,-0.11508,1.535606,9
HG03774,-0.0428874,1.066698,9
HG03781,-0.0758244,0.217318,9
HG03787,-0.161875,1.562214,9
HG03802,0.802313,1.769797,9
HG03821,0.715491,1.783146,9
HG03823,0.0476346,-0.262366,9
HG03830,0.0770096,0.060165,9
HG03851,-0.0438044,0.567,9
HG03861,-0.0176034,1.24784,9
HG03866,0.896324,0.248358,9
HG03869,-0.0358004,0.22846,9
HG03897,0.0532736,-0.184393,9
HG03910,0.00757155,0.55784,9
HG03940,-0.380874,-1.156815,9
HG03941,0.159268,-0.112198,9
HG03943,-0.207926,-0.037133,9
HG03978,-0.301835,0.382787,9
HG03999,-0.130003,-0.461655,9
HG04001,0.0300936,-0.293369,9
HG04017,0.0323046,0.797518,9
HG04020,-0.137233,-0.197995,9
HG04025,-0.0793264,-0.44727,9
HG04035,-0.186679,-0.804479,9
HG04047,-0.350166,-0.517426,9
HG04059,-0.294295,-0.320548,9
HG04061,-0.233817,-1.100758,9
HG04100,-0.341879,-1.021354,9
HG04131,0.0516776,-1.79876,9
HG04156,-0.245592,0.429315,9
HG04162,0.0509296,0.310107,9
HG04183,-0.0886484,0.741794,9
HG04211,-0.0645734,0.557964,9
HG04238,-0.436341,0.956293,9
NA20845,0.143078,-0.103781,9
NA20854,-0.130364,-0.655039,9
NA20856,0.0300906,-0.441291,9
NA20869,-0.0561204,0.012166,9
NA20870,-0.0190135,-0.136,9
NA20878,0.179837,0.33526,9
NA20885,0.0256746,0.715741,9
NA20899,0.198172,-0.192366,9
NA20900,-0.205911,-0.716055,9
NA20901,-0.192134,-0.938816,9
NA20903,-0.0197244,-0.635714,9
NA20910,-0.17561,0.447552,9
NA21086,0.208225,0.017266,9
NA21091,0.161608,-0.069216,9
NA21092,0.00955155,-0.649513,9
NA21094,0.0161106,1.794772,9
NA21113,0.0161635,0.204191,9
HG01589,-0.192295,0.113204,10
HG02654,0.0259801,-1.008579,10
HG02685,0.0209721,-1.530447,10
HG02691,-0.262425,-0.138097,10
HG02731,-0.127391,-0.443928,10
HG02734,-0.0409019,0.08597,10
HG02736,-0.0152439,-0.043407,10
HG02774,-0.0263709,0.640442,10
HG02783,-0.137891,0.158248,10
HG02784,0.132329,0.169996,10
HG03006,0.0432401,-0.168486,10
HG03009,0.0407591,0.551281,10
HG03016,-0.107663,-0.007792,10
HG03021,0.135067,-1.048045,10
HG03490,0.0630971,2.339436,10
HG03603,0.0364751,0.543382,10
HG03611,-0.0640579,-0.485004,10
HG03619,0.167547,-0.779117,10
HG03629,0.111193,-1.708233,10
HG03643,0.00141613,1.432295,10
HG03645,0.0752651,-0.7235,10
HG03649,-0.0510759,-0.540427,10
HG03653,-0.0524859,0.82014,10
HG03673,0.0173901,-2.567103,10
HG03681,-0.0833419,-0.291433,10
HG03691,-0.163068,0.291629,10
HG03718,0.123689,0.960779,10
HG03744,0.183444,1.270674,10
HG03746,-0.0544469,-0.358158,10
HG03750,0.0107681,-1.008416,10
HG03756,-0.0479819,0.182493,10
HG03774,-0.0210109,0.681282,10
HG03781,0.164037,1.719053,10
HG03787,-0.0220489,-0.307849,10
HG03802,-0.161739,-0.884998,10
HG03821,0.0392581,-0.022788,10
HG03823,0.0909811,-0.375195,10
HG03830,-0.00346087,2.426236,10
HG03851,-0.411141,0.273784,10
HG03861,0.10222,-0.185263,10
HG03866,-0.14107,-0.6251,10
HG03869,0.102653,0.134829,10
HG03897,0.124278,1.80642,10
HG03910,0.0669691,-0.401497,10
HG03940,0.0603721,0.468169,10
HG03941,-0.0552589,0.423286,10
HG03943,0.0922031,-0.110719,10
HG03978,0.0301871,-0.201229,10
HG03999,-0.0394599,0.175652,10
HG04001,0.221743,0.092435,10
HG04017,0.212256,-0.916311,10
HG04020,-0.0635999,-0.291531,10
HG04025,-0.0211809,0.380873,10
HG04035,0.362037,0.085721,10
HG04047,-0.106405,0.906117,10
HG04059,0.0626161,0.357181,10
HG04061,-0.160997,0.459019,10
HG04100,-0.0401349,-0.480689,10
HG04131,0.161759,-2.421991,10
HG04156,0.0750001,1.855806,10
HG04162,0.296669,1.492058,10
HG04183,0.00953013,-0.40153,10
HG04211,0.127253,0.803863,10
HG04238,0.166979,0.513613,10
NA20845,-0.0814299,1.658042,10
NA20854,-0.201927,-1.522039,10
NA20856,0.129347,-1.185107,10
NA20869,0.0382981,0.693032,10
NA20870,-0.0888249,-0.37178,10
NA20878,0.104548,-0.122047,10
NA20885,-0.0798089,-1.343708,10
NA20899,-0.115091,-0.708562,10
NA20900,-0.179859,1.035933,10
NA20901,0.0471371,1.415459,10
NA20903,-0.261774,0.203609,10
NA20910,-0.198076,0.294948,10
NA21086,-0.115812,-2.122318,10
NA21091,0.0193761,-0.151907,10
NA21092,0.00231413,-0.066903,10
NA21094,-0.328819,0.405964,10
NA21113,0.0470511,0.093726,10
HG01589,0.155277,-0.637086,11
HG02654,0.200022,0.849948,11
HG02685,-0.0616207,-1.062191,11
HG02691,0.162226,-0.613838,11
HG02731,-0.0698177,-1.59585,11
HG02734,0.210427,-0.686597,11
HG02736,-0.306079,-2.593206,11
HG02774,0.146269,-0.215663,11
HG02783,-0.0172667,0.000354,11
HG02784,0.149419,-0.311986,11
HG03006,0.215934,1.33076,11
HG03009,0.0917663,-2.122813,11
HG03016,0.0240083,-1.217208,11
HG03021,-0.0451457,-0.059366,11
HG03490,-0.114978,-2.062197,11
HG03603,-0.175515,0.39949,11
HG03611,-0.0278647,-1.572388,11
HG03619,0.221617,-0.023409,11
HG03629,0.218488,-0.256426,11
HG03643,0.156889,-0.250917,11
HG03645,-0.0264847,1.052078,11
HG03649,0.0506023,-0.665935,11
HG03653,0.195071,0.615647,11
HG03673,0.178173,0.2527,11
HG03681,-0.0310507,1.306873,11
HG03691,-0.0377067,-0.066873,11
HG03718,-0.182157,-1.979756,11
HG03744,-0.0468007,1.041947,11
HG03746,0.101508,-1.653922,11
HG03750,-0.0871357,0.614466,11
HG03756,-0.0090857,-1.009381,11
HG03774,0.0055373,-0.820776,11
HG03781,-0.242927,-0.61927,11
HG03787,0.0312463,-0.316594,11
HG03802,0.0207873,0.685686,11
HG03821,0.147329,-1.760055,11
HG03823,0.0772603,-0.552576,11
HG03830,-0.0039057,0.06616,11
HG03851,-0.183642,-0.221521,11
HG03861,0.118485,-0.964351,11
HG03866,0.147873,0.076568,11
HG03869,-0.167731,-0.232544,11
HG03897,-0.0132817,-0.995944,11
HG03910,0.179749,0.048569,11
HG03940,-0.0355557,1.163308,11
HG03941,-0.129383,0.931999,11
HG03943,0.0052463,-0.312754,11
HG03978,0.126906,-0.179372,11
HG03999,0.0970473,-0.014379,11
HG04001,0.14397,0.888119,11
HG04017,0.0941203,1.248799,11
HG04020,-0.190072,-1.227773,11
HG04025,0.132208,1.957072,11
HG04035,0.14611,-0.630786,11
HG04047,0.199647,-0.629897,11
HG04059,0.156087,-0.33003,11
HG04061,-0.227581,0.537174,11
HG04100,-0.0316547,-0.847558,11
HG04131,-0.132453,-1.399211,11
HG04156,-0.168578,1.007367,11
HG04162,-0.0611267,0.155408,11
HG04183,0.191523,-0.158671,11
HG04211,-0.126123,-0.257174,11
HG04238,-0.164864,1.611261,11
NA20845,-0.0347427,0.471605,11
NA20854,-0.102455,-0.000491,11
NA20856,-0.382301,-0.587583,11
NA20869,-0.147027,0.035366,11
NA20870,-0.288246,-2.004846,11
NA20878,0.166816,1.503337,11
NA20885,0.0381923,0.261563,11
NA20899,-0.139837,-0.82845,11
NA20900,0.229783,1.754638,11
NA20901,-0.0529717,-0.669253,11
NA20903,0.0217503,-1.599622,11
NA20910,-0.160633,0.432701,11
NA21086,-0.0141147,0.606233,11
NA21091,-0.0058807,-0.791874,11
NA21092,-0.0006057,-0.91272,11
NA21094,-0.275615,-1.643154,11
NA21113,-0.0035847,0.831626,11
HG01589,-0.272303,0.053228,12
HG02654,0.518158,2.312239,12
HG02685,0.202,2.237407,12
HG02691,0.0983398,0.228818,12
HG02731,-0.0447332,-1.485706,12
HG02734,-0.211033,0.842626,12
HG02736,-0.0933242,-2.13295,12
HG02774,0.110721,0.532853,12
HG02783,-0.00400824,1.72041,12
HG02784,-0.0612632,0.701486,12
HG03006,0.0290178,-0.085543,12
HG03009,-0.0669492,-0.724653,12
HG03016,0.103451,0.283741,12
HG03021,-0.0252532,-1.082085,12
HG03490,0.473244,1.975257,12
HG03603,0.130471,1.084626,12
HG03611,-0.00189524,-0.368882,12
HG03619,-0.0432662,1.049086,12
HG03629,0.164873,-0.977304,12
HG03643,-0.118775,0.144321,12
HG03645,0.0625948,-2.195248,12
HG03649,0.335648,2.281577,12
HG03653,0.0127708,0.017272,12
HG03673,-0.0529092,-1.167213,12
HG03681,0.131449,0.970141,12
HG03691,0.0484058,-0.591635,12
HG03718,-0.0717192,1.244625,12
HG03744,-0.0767172,-1.062547,12
HG03746,-0.143792,-1.831519,12
HG03750,-0.0343842,-0.248155,12
HG03756,-0.293273,0.387017,12
HG03774,-0.128319,1.376339,12
HG03781,0.117314,1.324917,12
HG03787,0.0426798,-0.856903,12
HG03802,-0.236491,0.332132,12
HG03821,0.0701758,1.885997,12
HG03823,-0.0966232,0.786589,12
HG03830,-0.102334,0.81713,12
HG03851,-0.0690822,0.087783,12
HG03861,-0.0406772,-1.502576,12
HG03866,0.129625,0.351811,12
HG03869,-0.119235,-0.945109,12
HG03897,-0.0861112,-0.546469,12
HG03910,-0.0413542,-1.186488,12
HG03940,0.0168448,0.610933,12
HG03941,0.0147288,0.530937,12
HG03943,-0.128838,-1.67842,12
HG03978,-0.0361432,-0.198235,12
HG03999,-0.119075,0.24637,12
HG04001,0.0970368,-0.545934,12
HG04017,-0.0464212,-1.597108,12
HG04020,-0.0189242,-0.43348,12
HG04025,-0.293442,0.6863,12
HG04035,-0.0744442,0.854607,12
HG04047,0.0571298,-0.807637,12
HG04059,-4.12375e-05,-1.006921,12
HG04061,0.53567,0.22683,12
HG04100,0.00231676,0.169595,12
HG04131,-0.130531,0.003524,12
HG04156,0.0620588,-2.021976,12
HG04162,-0.199499,0.778137,12
HG04183,0.00887276,0.764103,12
HG04211,-0.00900024,0.398424,12
HG04238,0.0860518,-0.741672,12
NA20845,-0.00474424,-1.300313,12
NA20854,0.0678408,-1.043729,12
NA20856,0.0132078,2.335887,12
NA20869,-0.00943824,1.019343,12
NA20870,-0.0691742,1.610212,12
NA20878,-0.156364,0.160742,12
NA20885,0.000995762,0.114852,12
NA20899,0.23321,0.947525,12
NA20900,0.00524976,-0.128099,12
NA20901,-0.241547,-0.212101,12
NA20903,-0.0307952,-0.843446,12
NA20910,0.112769,1.554194,12
NA21086,0.106406,-0.126496,12
NA21091,-0.128054,0.647008,12
NA21092,0.120415,-0.253642,12
NA21094,0.111079,0.670394,12
NA21113,-0.195261,0.334778,12
HG01589,-0.0636418,1.424097,13
HG02654,0.306193,-0.567276,13
HG02685,0.119479,-0.524117,13
HG02691,0.308419,0.233256,13
HG02731,-0.201763,-1.490101,13
HG02734,-0.164709,0.677302,13
HG02736,0.00088725,-0.02951,13
HG02774,0.142873,-0.590975,13
HG02783,-0.0959458,-1.09578,13
HG02784,-0.242605,-0.014683,13
HG03006,-0.0174358,1.003395,13
HG03009,-0.00178375,0.11988,13
HG03016,0.118471,0.413948,13
HG03021,-0.18647,0.123934,13
HG03490,0.327223,0.964819,13
HG03603,-0.192015,1.53095,13
HG03611,0.0871012,-2.318092,13
HG03619,0.121417,0.590057,13
HG03629,0.0976992,-1.023365,13
HG03643,-0.132098,-0.052334,13
HG03645,0.00876625,0.119702,13
HG03649,-0.163553,-0.169268,13
HG03653,-0.0807318,1.511722,13
HG03673,-0.1515,0.431257,13
HG03681,0.101665,0.622154,13
HG03691,0.0883612,1.157805,13
HG03718,0.420261,0.514896,13
HG03744,-0.249319,0.632635,13
HG03746,-0.219962,0.607799,13
HG03750,0.66056,1.840106,13
HG03756,-0.149879,-0.977868,13
HG03774,0.128629,1.268186,13
HG03781,-0.12791,1.36629,13
HG03787,-0.0333328,0.319114,13
HG03802,-0.0677108,0.945158,13
HG03821,-0.207995,1.543314,13
HG03823,0.250158,1.063364,13
HG03830,0.156824,-0.477746,13
HG03851,0.0966442,0.367166,13
HG03861,0.105789,0.314114,13
HG03866,-0.356798,0.696214,13
HG03869,-0.300109,-1.322475,13
HG03897,-0.0118538,0.440291,13
HG03910,0.00797325,0.186727,13
HG03940,-0.0309718,1.165694,13
HG03941,0.0221082,-0.969216,13
HG03943,0.0178272,0.808472,13
HG03978,-0.148577,0.180789,13
HG03999,-0.191361,0.258086,13
HG04001,0.0457792,0.982296,13
HG04017,0.0721052,-1.177156,13
HG04020,0.0372152,0.080122,13
HG04025,0.0660622,-0.499552,13
HG04035,0.0879572,-0.253096,13
HG04047,0.0116422,0.458258,13
HG04059,-0.0623248,0.38315,13
HG04061,0.117093,0.23437,13
HG04100,-0.0651848,0.265945,13
HG04131,-0.0239988,-0.386,13
HG04156,-0.209716,0.378924,13
HG04162,-0.144003,-0.95575,13
HG04183,-0.0945758,0.324002,13
HG04211,0.164118,0.061124,13
HG04238,0.00856325,0.443124,13
NA20845,-0.129244,0.130155,13
NA20854,-0.318005,-1.432282,13
NA20856,0.198017,2.870756,13
NA20869,-0.0755548,0.385316,13
NA20870,-0.470424,0.143991,13
NA20878,-0.0871828,1.128847,13
NA20885,0.270181,-1.341131,13
NA20899,0.112027,-0.865793,13
NA20900,-0.156821,-1.279602,13
NA20901,-0.192199,-0.393432,13
NA20903,0.227567,1.586823,13
NA20910,0.41673,0.246093,13
NA21086,0.0241632,0.103178,13
NA21091,0.0432122,-0.379426,13
NA21092,-0.0760808,0.125736,13
NA21094,0.279081,3.798078,13
NA21113,-0.138331,0.305772,13
HG01589,0.0147496,-1.510041,14
HG02654,-0.118537,-1.653187,14
HG02685,-0.0318254,0.126859,14
HG02691,-0.103198,-0.599701,14
HG02731,-0.162213,0.165938,14
HG02734,0.102969,-0.012753,14
HG02736,-0.136792,0.684942,14
HG02774,-0.133155,1.504199,14
HG02783,-0.0546524,-1.318146,14
HG02784,0.0178386,0.391051,14
HG03006,0.0961176,0.437356,14
HG03009,-0.135676,-0.352413,14
HG03016,0.314921,0.468278,14
HG03021,0.0299856,-0.784082,14
HG03490,-0.0538124,0.418314,14
HG03603,-0.161447,-1.034192,14
HG03611,0.353978,1.065938,14
HG03619,-0.0792134,-2.242222,14
HG03629,0.00439461,-1.831456,14
HG03643,-0.00666839,-0.944464,14
HG03645,0.0611486,-2.112117,14
HG03649,0.0351486,-0.92253,14
HG03653,-0.255724,0.692239,14
HG03673,0.163007,0.666241,14
HG03681,0.0627696,-1.954167,14
HG03691,-0.00593339,0.776549,14
HG03718,-0.0683494,-0.371939,14
HG03744,0.0162766,-0.001208,14
HG03746,-0.00129439,0.009999,14
HG03750,-0.0479664,0.269692,14
HG03756,0.0746916,0.543623,14
HG03774,0.0445066,-0.478329,14
HG03781,0.126026,-0.784857,14
HG03787,-0.242679,0.404966,14
HG03802,0.33918,2.369579,14
HG03821,0.412438,0.973327,14
HG03823,0.0225906,-0.09036,14
HG03830,0.0744696,0.84478,14
HG03851,0.158196,0.351691,14
HG03861,-0.00232439,0.498973,14
HG03866,0.401053,0.850287,14
HG03869,0.28443,0.117582,14
HG03897,0.00435061,-1.33821,14
HG03910,0.133897,0.887341,14
HG03940,-0.0798584,-0.348413,14
HG03941,0.0125596,-0.118253,14
HG03943,-0.0434474,-0.311518,14
HG03978,0.10615,0.250957,14
HG03999,-0.00172039,0.728216,14
HG04001,-0.0879684,-1.816727,14
HG04017,0.0208966,1.641914,14
HG04020,-0.0663574,-0.245622,14
HG04025,-0.232856,0.259964,14
HG04035,0.0563886,-0.767578,14
HG04047,-0.0226234,-0.83783,14
HG04059,-0.103655,-0.018246,14
HG04061,-0.0776034,-1.176483,14
HG04100,-0.0362234,-0.338846,14
HG04131,-0.0265324,-0.683521,14
HG04156,-0.112,0.025478,14
HG04162,-0.209942,0.281242,14
HG04183,0.0207906,-0.806528,14
HG04211,-0.0788184,0.052614,14
HG04238,0.0481036,-0.631098,14
NA20845,-0.00718439,-0.566194,14
NA20854,-0.0360334,-0.767186,14
NA20856,-0.0556564,0.591388,14
NA20869,-0.100105,0.268415,14
NA20870,-0.0893044,0.660741,14
NA20878,0.0190166,0.95628,14
NA20885,-0.108902,-1.515858,14
NA20899,-0.121043,1.991261,14
NA20900,0.00446961,0.410041,14
NA20901,-0.144915,0.662881,14
NA20903,0.0627406,1.25672,14
NA20910,0.0966976,-1.007779,14
NA21086,0.0633316,1.053977,14
NA21091,-0.185882,-0.055693,14
NA21092,0.0342026,0.051407,14
NA21094,-0.10622,0.211224,14
NA21113,0.0463126,0.66927,14
HG01589,0.474506,0.420389,15
HG02654,-0.0099261,0.262873,15
HG02685,-0.0418841,-0.009878,15
HG02691,-0.0323911,0.101477,15
HG02731,0.0069719,0.978093,15
HG02734,0.0588369,-0.652282,15
HG02736,0.186512,-1.024729,15
HG02774,-0.0104081,-0.680413,15
HG02783,0.0986279,-2.300771,15
HG02784,0.0898219,2.19856,15
HG03006,-0.136396,1.379027,15
HG03009,-0.0384461,0.523794,15
HG03016,-0.0894671,-0.069707,15
HG03021,-0.0011201,1.550905,15
HG03490,-0.0875181,0.426043,15
HG03603,-0.0995341,-0.031849,15
HG03611,0.149789,-0.526131,15
HG03619,-0.0750891,-0.398542,15
HG03629,0.0584689,-0.416028,15
HG03643,0.226418,-1.216541,15
HG03645,-0.0185271,0.337153,15
HG03649,-0.104165,-1.246103,15
HG03653,-0.0416951,-0.604134,15
HG03673,-0.146857,-0.12272,15
HG03681,-0.121626,1.594762,15
HG03691,0.0836219,-0.490116,15
HG03718,-0.191698,-0.878335,15
HG03744,0.184896,-0.121928,15
HG03746,0.0942949,-0.009006,15
HG03750,0.285573,-0.139403,15
HG03756,-0.277514,0.441029,15
HG03774,-0.229906,0.191958,15
HG03781,0.115595,-0.300816,15
HG03787,-0.177549,-0.701836,15
HG03802,-0.17294,0.404974,15
HG03821,-0.105734,0.111476,15
HG03823,-0.0683321,0.595203,15
HG03830,0.208168,0.527818,15
HG03851,-0.0267051,0.316403,15
HG03861,-0.137951,0.530901,15
HG03866,-0.184981,-0.377088,15
HG03869,-0.0748851,-0.862612,15
HG03897,-0.145618,-0.211557,15
HG03910,-0.349972,0.159782,15
HG03940,0.169384,0.605635,15
HG03941,0.102507,-0.243803,15
HG03943,-0.0837441,1.195357,15
HG03978,0.142774,0.32107,15
HG03999,-0.13564,0.749612,15
HG04001,0.204302,-1.319365,15
HG04017,-0.191631,0.198977,15
HG04020,0.0837549,0.872969,15
HG04025,-0.0487441,-1.26046,15
HG04035,-0.0125501,0.231671,15
HG04047,0.217217,2.591601,15
HG04059,-0.0959561,-0.17858,15
HG04061,0.0361909,-0.648482,15
HG04100,-0.0070281,-0.039886,15
HG04131,-0.0916511,0.080972,15
HG04156,0.0321369,1.02974,15
HG04162,-0.0566191,-0.893462,15
HG04183,0.0533679,0.191498,15
HG04211,0.0515789,-0.929357,15
HG04238,-0.0368051,0.707685,15
NA20845,0.162694,1.188455,15
NA20854,0.106802,0.066786,15
NA20856,0.0720489,-0.853681,15
NA20869,0.183019,0.37763,15
NA20870,0.0317379,-0.541237,15
NA20878,0.194031,-0.649914,15
NA20885,-0.0050371,1.267735,15
NA20899,0.123343,-0.391482,15
NA20900,0.0288049,-1.122204,15
NA20901,-0.302301,0.681153,15
NA20903,0.0199059,1.091947,15
NA20910,-0.101338,0.660005,15
NA21086,0.231032,-1.245306,15
NA21091,-0.101575,-1.433021,15
NA21092,0.0866079,2.001578,15
NA21094,-0.16938,-1.912322,15
NA21113,0.0123029,0.367525,15
HG01589,0.117982,1.462469,16
HG02654,-0.0401356,-0.269055,16
HG02685,0.0500754,-0.044274,16
HG02691,0.0561024,1.539369,16
HG02731,0.0745314,0.989294,16
HG02734,0.0513274,-1.280727,16
HG02736,0.00373142,-0.053117,16
HG02774,-0.0223076,-1.396719,16
HG02783,0.00682843,1.420318,16
HG02784,-0.0572076,-0.482849,16
HG03006,-0.0369376,-0.689841,16
HG03009,-0.0844496,-0.458055,16
HG03016,-0.0306866,0.765966,16
HG03021,0.0560554,-0.717021,16
HG03490,-0.0642806,-0.419827,16
HG03603,0.0984834,-1.550237,16
HG03611,-0.0147616,1.166784,16
HG03619,-0.0143086,0.32675,16
HG03629,0.00310543,-1.190366,16
HG03643,-0.0180006,-1.032939,16
HG03645,-0.0114006,-0.881017,16
HG03649,-0.0132836,-1.202234,16
HG03653,-0.0209956,-0.436388,16
HG03673,-0.0184946,0.166259,16
HG03681,0.111581,1.065361,16
HG03691,0.0262164,-0.980641,16
HG03718,-0.00904057,-1.386976,16
HG03744,0.0370634,-0.318469,16
HG03746,-0.0428506,-1.209042,16
HG03750,-0.129071,0.053495,16
HG03756,0.0268894,-0.004775,16
HG03774,-0.0476946,0.011756,16
HG03781,0.0380424,-0.0077,16
HG03787,-0.0557306,-0.283969,16
HG03802,0.0578194,2.731802,16
HG03821,0.0359554,0.929734,16
HG03823,0.102645,-0.027011,16
HG03830,0.0739404,-0.70114,16
HG03851,-0.0270486,-0.90457,16
HG03861,-0.0335086,-0.298164,16
HG03866,0.0467114,0.102651,16
HG03869,-0.0122716,-0.674594,16
HG03897,-0.0158696,-0.129144,16
HG03910,0.0287644,1.077704,16
HG03940,-0.0424126,-0.220685,16
HG03941,0.0533554,1.591402,16
HG03943,-0.0257756,-0.507322,16
HG03978,-0.0414886,0.493725,16
HG03999,0.00701543,0.502375,16
HG04001,-0.0679566,0.777007,16
HG04017,-0.0579166,-1.012707,16
HG04020,0.0441414,-0.682572,16
HG04025,0.0243554,1.097209,16
HG04035,-0.0785296,-1.291952,16
HG04047,-0.1283,-0.548408,16
HG04059,-0.0142556,1.867313,16
HG04061,-0.00200057,0.240286,16
HG04100,-0.0169226,-0.800206,16
HG04131,0.0948144,-0.258229,16
HG04156,-0.0496376,-0.096505,16
HG04162,0.0296104,0.009809,16
HG04183,-0.00233457,2.149715,16
HG04211,-0.0953026,0.692482,16
HG04238,-0.0212566,0.982514,16
NA20845,0.0509714,-1.548412,16
NA20854,-0.0578646,0.549431,16
NA20856,0.0453644,0.82641,16
NA20869,0.0586984,0.575952,16
NA20870,-0.0594836,-1.162521,16
NA20878,-0.0593886,-0.00036,16
NA20885,-0.0504966,-0.309663,16
NA20899,-0.00722858,-1.172687,16
NA20900,-0.0538716,0.175205,16
NA20901,0.0575964,-0.337559,16
NA20903,0.00158742,-0.123446,16
NA20910,0.0465764,-0.664437,16
NA21086,0.118307,-0.073914,16
NA21091,-0.0544596,0.687916,16
NA21092,-0.0380966,-2.166683,16
NA21094,0.0698224,0.943478,16
NA21113,-0.0146276,-0.274936,16
HG01589,0.169856,0.610246,17
HG02654,0.0760805,1.823824,17
HG02685,-0.00864246,-0.701546,17
HG02691,-0.107737,1.550299,17
HG02731,0.133032,0.224406,17
HG02734,0.0468005,-0.038023,17
HG02736,0.0552205,-0.884872,17
HG02774,0.0307605,-0.362284,17
HG02783,0.00428554,-0.15031,17
HG02784,0.164343,0.939371,17
HG03006,0.00523754,-0.74811,17
HG03009,-0.0877985,0.781987,17
HG03016,-0.0469125,0.756949,17
HG03021,-0.0746615,-0.955243,17
HG03490,-0.375985,-0.690921,17
HG03603,0.210092,2.833774,17
HG03611,-0.21107,-0.712245,17
HG03619,0.185867,0.111791,17
HG03629,0.0218705,1.37383,17
HG03643,-0.156714,-0.656358,17
HG03645,0.0188825,-1.352875,17
HG03649,-0.0103945,1.251288,17
HG03653,0.152122,-0.08076,17
HG03673,-0.210029,0.426956,17
HG03681,0.00670454,0.709011,17
HG03691,0.212833,0.806532,17
HG03718,-0.0193095,-0.798619,17
HG03744,-0.0125355,3.366025,17
HG03746,-0.0875705,-0.014119,17
HG03750,-0.15401,-1.008089,17
HG03756,-0.115125,-0.744017,17
HG03774,-0.166699,0.320641,17
HG03781,-0.0284205,-0.468723,17
HG03787,-0.0392875,-0.447313,17
HG03802,-0.0446765,-1.423408,17
HG03821,0.00669954,-1.323322,17
HG03823,0.0626935,0.427582,17
HG03830,0.18961,1.756321,17
HG03851,-0.0836115,0.067325,17
HG03861,0.0433115,-0.552007,17
HG03866,-0.13522,0.084328,17
HG03869,-0.0695795,-0.642454,17
HG03897,0.128893,0.374217,17
HG03910,0.0306805,0.8667,17
HG03940,0.0909095,-0.355458,17
HG03941,0.126544,1.360347,17
HG03943,0.120626,1.451916,17
HG03978,-0.0497925,-1.515865,17
HG03999,0.229434,0.393674,17
HG04001,0.0317615,-0.398465,17
HG04017,0.289843,0.635694,17
HG04020,0.200481,-1.44863,17
HG04025,-0.0666065,-0.092676,17
HG04035,-0.0901355,-1.054518,17
HG04047,-0.00541246,0.522205,17
HG04059,-0.172177,0.717223,17
HG04061,-0.0443115,0.752101,17
HG04100,-0.245056,1.029992,17
HG04131,-0.143862,-0.854725,17
HG04156,0.0793785,-0.221954,17
HG04162,-0.180039,-0.837949,17
HG04183,0.193882,-0.36933,17
HG04211,-0.0772975,2.067175,17
HG04238,0.00776354,0.78844,17
NA20845,0.0912945,1.807582,17
NA20854,0.166384,-0.017204,17
NA20856,-0.162452,0.885144,17
NA20869,0.0162755,1.423931,17
NA20870,0.14092,-0.909584,17
NA20878,0.114514,1.731423,17
NA20885,-0.25622,-0.847924,17
NA20899,-0.0944925,-0.277782,17
NA20900,0.263864,0.273586,17
NA20901,-0.226334,0.169859,17
NA20903,0.0523055,1.064733,17
NA20910,0.159102,1.326724,17
NA21086,0.257006,0.167716,17
NA21091,0.0617945,1.345484,17
NA21092,-0.0131905,0.315832,17
NA21094,-0.102419,0.044308,17
NA21113,-0.210291,0.90244,17
HG01589,0.431768,0.053014,18
HG02654,0.0613281,0.051648,18
HG02685,0.0924831,1.325531,18
HG02691,0.128979,0.41149,18
HG02731,0.00800511,-0.125507,18
HG02734,-0.0540789,1.690713,18
HG02736,0.16214,-1.999767,18
HG02774,0.137261,1.079206,18
HG02783,-0.14757,0.251692,18
HG02784,0.0748491,-0.352342,18
HG03006,-0.193698,-0.384463,18
HG03009,-0.00681789,0.767198,18
HG03016,0.0771791,-0.524033,18
HG03021,-0.206048,-1.625731,18
HG03490,0.188204,-0.628256,18
HG03603,0.260795,-0.79193,18
HG03611,0.0822411,-0.53976,18
HG03619,-0.189276,0.610717,18
HG03629,0.261421,0.400945,18
HG03643,-0.0689199,1.423177,18
HG03645,-0.0176879,0.857717,18
HG03649,-0.100836,-0.40445,18
HG03653,0.153603,-0.400819,18
HG03673,-0.0646419,-0.167122,18
HG03681,0.135151,-1.485524,18
HG03691,0.00891211,0.523721,18
HG03718,-0.0539049,0.539041,18
HG03744,0.0374911,0.469909,18
HG03746,-0.361811,-0.828013,18
HG03750,-0.154609,-0.260089,18
HG03756,0.18251,0.000372,18
HG03774,0.0149301,-1.196088,18
HG03781,-0.0810079,1.908223,18
HG03787,-0.100809,1.60389,18
HG03802,-0.0370149,0.056658,18
HG03821,-0.164758,-0.318164,18
HG03823,-0.203632,-0.012316,18
HG03830,-0.00852789,-0.200411,18
HG03851,-0.0818179,-2.29893,18
HG03861,-0.0788459,-1.208941,18
HG03866,-0.0746829,-0.211478,18
HG03869,-0.0620789,0.186477,18
HG03897,0.0170311,2.294303,18
HG03910,0.00582611,-0.471809,18
HG03940,-0.126319,-1.980036,18
HG03941,-0.142712,1.40249,18
HG03943,0.0830551,-0.60638,18
HG03978,-0.131104,-0.389884,18
HG03999,-0.277179,0.965204,18
HG04001,-0.0309609,-0.78209,18
HG04017,-0.0560089,-0.045473,18
HG04020,-0.200674,-0.879411,18
HG04025,0.0283411,0.46187,18
HG04035,0.258932,-0.054262,18
HG04047,-0.0923659,1.011046,18
HG04059,0.0133481,-1.332886,18
HG04061,0.183983,-0.414378,18
HG04100,0.0737931,0.423957,18
HG04131,-0.0868359,-1.506943,18
HG04156,0.156924,0.94967,18
HG04162,-0.377306,-0.440355,18
HG04183,0.12528,-0.259479,18
HG04211,0.0980421,-0.749956,18
HG04238,-0.0331619,-1.666337,18
NA20845,0.131271,1.054835,18
NA20854,-0.0138079,1.83186,18
NA20856,0.0877241,0.38379,18
NA20869,-0.00489289,-1.507876,18
NA20870,-0.0669419,-0.675497,18
NA20878,0.0808541,-0.861379,18
NA20885,-0.120966,0.499484,18
NA20899,0.215957,0.613246,18
NA20900,0.0106471,-0.391728,18
NA20901,-0.124604,-0.18788,18
NA20903,0.217865,0.543559,18
NA20910,-0.0579199,-1.040405,18
NA21086,-0.126509,-1.40996,18
NA21091,0.112471,-2.73777,18
NA21092,0.14546,0.657791,18
NA21094,-0.13349,-1.856446,18
NA21113,0.18142,-0.882907,18
HG01589,0.302937,-0.78033,19
HG02654,-0.329225,-1.307724,19
HG02685,0.00220417,-0.142177,19
HG02691,-0.680158,-0.066349,19
HG02731,-0.212217,-0.593425,19
HG02734,-0.0499648,0.503603,19
HG02736,0.230965,-1.039357,19
HG02774,0.0866692,-0.129378,19
HG02783,-0.0852098,-0.610051,19
HG02784,0.0258512,-0.098749,19
HG03006,-0.0996478,0.585569,19
HG03009,0.0566222,1.583921,19
HG03016,0.690367,1.293805,19
HG03021,-0.0932888,-0.646096,19
HG03490,-0.0182258,-0.952472,19
HG03603,-0.193019,-1.776074,19
HG03611,0.570729,1.403746,19
HG03619,0.115365,-1.076491,19
HG03629,-0.0832918,0.836485,19
HG03643,-0.114865,-0.335883,19
HG03645,0.0640042,-1.635502,19
HG03649,-0.25365,-1.608695,19
HG03653,-0.0331828,1.171263,19
HG03673,-0.0128198,-1.395589,19
HG03681,0.0229442,-0.029696,19
HG03691,-0.0735848,-1.835085,19
HG03718,0.235057,-0.844476,19
HG03744,0.0138802,0.262251,19
HG03746,0.0128602,0.244456,19
HG03750,0.103048,0.414708,19
HG03756,0.212861,-0.222303,19
HG03774,0.0960772,-1.074778,19
HG03781,0.207717,-1.083784,19
HG03787,0.133489,-0.921289,19
HG03802,0.62235,2.794397,19
HG03821,0.744896,0.299763,19
HG03823,-0.0972158,-0.445247,19
HG03830,-0.230934,0.560323,19
HG03851,-0.139628,-0.744056,19
HG03861,-0.206028,-0.989126,19
HG03866,0.321318,-0.491021,19
HG03869,-0.00874282,-0.291282,19
HG03897,-0.139924,0.582254,19
HG03910,0.253481,0.617959,19
HG03940,0.119402,-0.685238,19
HG03941,-0.0424228,-0.754721,19
HG03943,0.285348,0.606151,19
HG03978,-0.103097,-0.378593,19
HG03999,0.477812,-1.758888,19
HG04001,0.293847,0.096148,19
HG04017,-0.152195,-0.625725,19
HG04020,-0.102419,0.794765,19
HG04025,0.260186,-0.647107,19
HG04035,-0.66104,-0.321309,19
HG04047,-0.47552,0.048734,19
HG04059,-0.0839928,-0.186175,19
HG04061,-0.0670408,0.46483,19
HG04100,-0.0301398,-0.241377,19
HG04131,0.0910422,0.096951,19
HG04156,-0.314044,0.090589,19
HG04162,-0.0918318,-1.127551,19
HG04183,-0.113389,-0.348828,19
HG04211,-0.0725778,0.83983,19
HG04238,-0.330284,0.442683,19
NA20845,0.0566102,-0.469175,19
NA20854,-0.126208,0.829239,19
NA20856,0.249028,0.280593,19
NA20869,-0.224098,0.027694,19
NA20870,-0.149466,-0.890507,19
NA20878,0.177139,0.81654,19
NA20885,-0.21938,1.06235,19
NA20899,-0.115248,-0.72422,19
NA20900,-0.549382,-0.793948,19
NA20901,-0.0572218,-0.197234,19
NA20903,-0.122078,0.526646,19
NA20910,-0.216376,0.392711,19
NA21086,0.117211,0.188951,19
NA21091,0.0843442,1.162826,19
NA21092,-0.263756,0.241166,19
NA21094,0.00658118,0.52903,19
NA21113,-0.0556028,0.679665,19
HG01589,0.232576,1.754586,20
HG02654,0.190823,-0.249595,20
HG02685,0.0190273,0.869497,20
HG02691,-0.0172817,0.180652,20
HG02731,-0.105792,-0.47204,20
HG02734,-0.0475847,1.828795,20
HG02736,0.213647,0.513217,20
HG02774,-0.131042,0.878278,20
HG02783,0.0118523,0.763245,20
HG02784,0.233959,0.354463,20
HG03006,0.0211953,0.694365,20
HG03009,0.169246,0.426501,20
HG03016,0.132141,1.488597,20
HG03021,-0.0762337,-0.490673,20
HG03490,-0.132793,0.766846,20
HG03603,0.0390313,1.254152,20
HG03611,-0.157916,0.495859,20
HG03619,-0.133085,-1.51714,20
HG03629,0.10471,-1.257677,20
HG03643,0.0810163,0.322427,20
HG03645,-0.0642417,-1.191747,20
HG03649,0.0494293,-1.862145,20
HG03653,-0.0172607,-1.284044,20
HG03673,0.20378,-0.262973,20
HG03681,0.0555283,-1.005011,20
HG03691,0.151458,2.646585,20
HG03718,0.105897,-0.136563,20
HG03744,0.0771613,-0.203643,20
HG03746,-0.101225,-0.20503,20
HG03750,0.141769,1.937291,20
HG03756,-0.0705607,-0.407253,20
HG03774,0.271392,-1.76294,20
HG03781,-0.211354,-0.878472,20
HG03787,0.0324493,-0.337597,20
HG03802,-0.0154057,1.158534,20
HG03821,-0.0595167,0.542604,20
HG03823,-0.0633457,-1.0832,20
HG03830,-0.1511,-1.668298,20
HG03851,-0.25956,0.565194,20
HG03861,-0.0608637,-0.31634,20
HG03866,0.0676993,0.564149,20
HG03869,0.0289343,1.61012,20
HG03897,0.0771343,1.097017,20
HG03910,-0.0717347,-0.156765,20
HG03940,0.137737,0.543783,20
HG03941,0.216585,0.100997,20
HG03943,-0.0231317,0.006128,20
HG03978,-0.175716,-0.417758,20
HG03999,-0.0221627,-0.290934,20
HG04001,-0.345594,-0.578997,20
HG04017,-0.0890787,-1.683027,20
HG04020,-0.0864007,-0.122598,20
HG04025,0.0903143,1.210192,20
HG04035,-0.110728,0.663991,20
HG04047,-0.0235627,-0.72332,20
HG04059,0.154942,-0.435613,20
HG04061,-0.120159,0.400925,20
HG04100,0.217931,0.921311,20
HG04131,-0.131304,-0.374335,20
HG04156,-0.0345457,-1.494949,20
HG04162,-0.362916,0.664855,20
HG04183,0.0903593,-1.035649,20
HG04211,-0.0434047,1.221324,20
HG04238,-0.0702027,0.201067,20
NA20845,0.0427723,1.962219,20
NA20854,0.128861,0.149254,20
NA20856,-0.33302,-0.496667,20
NA20869,-0.000566725,-0.22579,20
NA20870,-0.0522117,-0.61286,20
NA20878,-0.127459,0.235894,20
NA20885,-0.0432387,-0.648234,20
NA20899,0.161663,-0.856278,20
NA20900,0.241507,0.108902,20
NA20901,0.303139,1.050382,20
NA20903,0.122817,0.479519,20
NA20910,0.0378613,1.064704,20
NA21086,-0.0148607,0.764138,20
NA21091,-0.184064,-0.891303,20
NA21092,-0.0647967,0.480341,20
NA21094,-0.0181417,0.246628,20
NA21113,0.00831427,1.507095,20
