IID,predict,actual,pheno_num
HG01589,0.907566,1.798189,1
HG02654,2.24588,2.985431,1
HG02685,0.233487,0.705954,1
HG02691,0.0401321,0.594278,1
HG02731,-1.24608,-0.932853,1
HG02734,0.382352,1.076291,1
HG02736,0.256051,0.526768,1
HG02774,-0.000270938,0.582548,1
HG02783,-0.0333099,1.780001,1
HG02784,0.479512,0.260774,1
HG03006,0.334127,0.643234,1
HG03009,-0.0244669,-0.273569,1
HG03016,-0.434607,0.013299,1
HG03021,0.0300411,0.234609,1
HG03490,1.94927,2.844958,1
HG03603,0.00830806,0.566982,1
HG03611,-1.42227,-0.687503,1
HG03619,-0.0822259,0.223247,1
HG03629,0.466406,-0.225352,1
HG03643,-0.416468,-0.009781,1
HG03645,0.0227511,0.539757,1
HG03649,1.76283,2.377247,1
HG03653,0.0475771,-0.587354,1
HG03673,-0.277363,0.595911,1
HG03681,0.277366,0.361593,1
HG03691,-0.35378,0.434277,1
HG03718,-0.491053,-0.945859,1
HG03744,0.0852621,0.472651,1
HG03746,-0.107444,0.206787,1
HG03750,-0.0511709,-0.02037,1
HG03756,-1.56529,-1.10764,1
HG03774,-0.241913,0.292098,1
HG03781,-0.253052,-0.045502,1
HG03787,-0.133551,0.380858,1
HG03802,-0.692324,-0.519011,1
HG03821,-0.676339,-0.109441,1
HG03823,0.984256,0.839412,1
HG03830,-0.168385,-0.110521,1
HG03851,0.0863301,1.53296,1
HG03861,-0.88061,-0.552889,1
HG03866,-0.830874,-0.737512,1
HG03869,-0.497552,0.539821,1
HG03897,0.000840062,0.715038,1
HG03910,-0.160456,0.310411,1
HG03940,0.671883,0.246047,1
HG03941,0.214702,0.374491,1
HG03943,0.0112351,-0.120123,1
HG03978,0.282049,0.685392,1
HG03999,-0.248754,-0.053679,1
HG04001,-0.77668,-0.477216,1
HG04017,0.0139851,-0.314576,1
HG04020,-0.125009,0.121692,1
HG04025,0.561667,-0.241858,1
HG04035,-0.10105,-0.823612,1
HG04047,-0.396696,-0.125661,1
HG04059,0.737064,0.57857,1
HG04061,1.83955,2.978105,1
HG04100,-0.0268069,0.044158,1
HG04131,-0.799694,-0.650845,1
HG04156,0.175523,0.809205,1
HG04162,-1.01893,-1.744026,1
HG04183,0.412161,0.572731,1
HG04211,-0.15987,-0.16653,1
HG04238,0.438143,0.316829,1
NA20845,0.0258191,1.149729,1
NA20854,0.205026,0.123346,1
NA20856,-0.583415,-1.347559,1
NA20869,-0.137276,0.717468,1
NA20870,-0.768563,0.08504,1
NA20878,0.357653,0.642546,1
NA20885,0.116207,0.696068,1
NA20899,-0.444709,-0.852943,1
NA20900,0.626417,1.317592,1
NA20901,0.196696,0.553206,1
NA20903,-0.346914,-0.40468,1
NA20910,0.247496,0.088973,1
NA21086,-0.0951439,-0.973972,1
NA21091,0.00662506,0.180186,1
NA21092,-0.91285,-0.139344,1
NA21094,0.56219,0.560759,1
NA21113,0.3072,0.005337,1
HG01589,0.226336,0.805926,2
HG02654,-0.131148,-0.526312,2
HG02685,-0.0233006,-0.527657,2
HG02691,0.164364,-0.119135,2
HG02731,0.0642884,0.78632,2
HG02734,0.37911,0.801615,2
HG02736,-0.249308,-0.448108,2
HG02774,-0.67097,0.624964,2
HG02783,0.13035,0.911163,2
HG02784,0.327324,1.539089,2
HG03006,-0.263899,0.519659,2
HG03009,-0.239304,0.530473,2
HG03016,0.661229,0.80554,2
HG03021,-0.835848,-0.42481,2
HG03490,-0.0960206,0.762929,2
HG03603,0.188906,0.245545,2
HG03611,1.17582,2.217241,2
HG03619,0.510972,0.03958,2
HG03629,-1.16458,-1.275206,2
HG03643,0.542964,0.117813,2
HG03645,-0.383014,-0.699069,2
HG03649,-2.16405,-2.477331,2
HG03653,0.695892,1.400492,2
HG03673,-0.520129,0.138865,2
HG03681,-0.806441,-0.60789,2
HG03691,-0.765444,-0.100444,2
HG03718,0.0970494,0.012984,2
HG03744,0.131943,0.344279,2
HG03746,-0.184595,0.526307,2
HG03750,-0.761872,-0.114451,2
HG03756,-0.873333,-0.223197,2
HG03774,1.20587,1.482663,2
HG03781,-0.469596,0.729091,2
HG03787,0.328057,0.871484,2
HG03802,0.385778,1.645262,2
HG03821,1.63441,1.068926,2
HG03823,0.0200534,0.029514,2
HG03830,0.623113,0.046718,2
HG03851,-0.370819,-0.32215,2
HG03861,-0.706139,-0.411908,2
HG03866,0.173974,0.446324,2
HG03869,-0.719345,-0.323391,2
HG03897,0.403069,1.136522,2
HG03910,-0.138376,-0.233199,2
HG03940,1.03939,2.031234,2
HG03941,-0.24341,-0.563967,2
HG03943,0.0997724,-0.19372,2
HG03978,0.0444854,-0.035434,2
HG03999,0.690032,1.753077,2
HG04001,0.774225,0.556316,2
HG04017,0.0395624,1.126589,2
HG04020,-0.341195,-0.437432,2
HG04025,-1.51304,-1.098806,2
HG04035,0.289162,-2.045521,2
HG04047,0.436072,1.273753,2
HG04059,-0.0238346,-0.699163,2
HG04061,-0.0949086,-0.363722,2
HG04100,0.0512074,0.791622,2
HG04131,0.212204,-0.053204,2
HG04156,0.0492744,-0.307664,2
HG04162,-0.536086,-0.707865,2
HG04183,-0.730792,0.263412,2
HG04211,1.24399,2.176122,2
HG04238,1.32456,1.510555,2
NA20845,-0.393133,-0.3365,2
NA20854,-0.46758,-0.445473,2
NA20856,0.786733,0.931948,2
NA20869,-0.272629,-0.714207,2
NA20870,0.106259,-0.412118,2
NA20878,0.474442,-0.143858,2
NA20885,-1.3012,-1.243176,2
NA20899,-0.509184,-0.14561,2
NA20900,-0.0890556,-0.927128,2
NA20901,-0.236824,0.070194,2
NA20903,-0.135026,0.049167,2
NA20910,0.0053564,-0.766887,2
NA21086,-0.108171,-0.229633,2
NA21091,0.354527,0.478198,2
NA21092,-0.0326166,-0.825699,2
NA21094,0.291483,-1.495322,2
NA21113,1.09353,1.104648,2
HG01589,0.307132,0.45988,3
HG02654,-0.310823,-0.262683,3
HG02685,0.336156,-0.47864,3
HG02691,0.0479672,-0.111605,3
HG02731,-1.05028,-0.758551,3
HG02734,0.00390424,0.583693,3
HG02736,-0.268819,-0.554043,3
HG02774,-0.167206,0.35833,3
HG02783,-0.246353,-0.296727,3
HG02784,0.0523182,0.159325,3
HG03006,-0.270939,-1.183273,3
HG03009,0.628422,0.193401,3
HG03016,-0.321072,0.340793,3
HG03021,-0.19245,0.468359,3
HG03490,-0.874346,-0.983893,3
HG03603,-0.263009,-0.557737,3
HG03611,-1.26697,-2.331397,3
HG03619,0.760568,1.489819,3
HG03629,0.887582,1.593335,3
HG03643,0.289579,0.99633,3
HG03645,1.06623,0.855764,3
HG03649,0.87221,-0.270644,3
HG03653,-0.279419,0.015,3
HG03673,0.591748,0.324719,3
HG03681,0.505403,-0.737412,3
HG03691,-0.367362,0.554516,3
HG03718,-0.158267,-0.063057,3
HG03744,0.796801,0.639969,3
HG03746,-0.27207,-0.25177,3
HG03750,0.467609,-0.208401,3
HG03756,-1.46049,-1.869646,3
HG03774,-0.276358,-0.366403,3
HG03781,0.107915,0.01581,3
HG03787,0.889644,1.31092,3
HG03802,-0.241594,0.50729,3
HG03821,-0.498461,-1.086883,3
HG03823,1.07962,0.30658,3
HG03830,0.0193922,-0.328291,3
HG03851,0.501421,0.190107,3
HG03861,-0.733746,-0.023016,3
HG03866,-0.929104,-0.593363,3
HG03869,-0.720469,-1.248646,3
HG03897,0.87259,1.416121,3
HG03910,0.0885232,-0.848422,3
HG03940,1.85759,2.603751,3
HG03941,-0.107834,-0.615674,3
HG03943,0.444494,0.439092,3
HG03978,-0.127397,-0.484466,3
HG03999,0.16426,-0.109508,3
HG04001,-0.658222,-1.412663,3
HG04017,0.819605,0.592607,3
HG04020,-0.588261,-1.465699,3
HG04025,-0.499498,-0.060823,3
HG04035,0.0620132,-0.589682,3
HG04047,0.481692,0.611259,3
HG04059,0.0564972,-0.486207,3
HG04061,2.19871,2.855002,3
HG04100,-0.311984,-0.318564,3
HG04131,-0.503056,-0.360986,3
HG04156,0.661821,1.133136,3
HG04162,-1.53287,-1.658389,3
HG04183,-0.000315763,0.028169,3
HG04211,-0.39791,0.189911,3
HG04238,-0.15345,-0.620227,3
NA20845,0.691775,0.529354,3
NA20854,-0.2381,0.023343,3
NA20856,-0.868005,-0.691013,3
NA20869,-0.0541728,-0.300611,3
NA20870,-0.290922,-0.490053,3
NA20878,-0.140211,-0.013567,3
NA20885,-0.149116,0.158573,3
NA20899,-0.384774,-0.861581,3
NA20900,0.847541,2.017271,3
NA20901,-1.03757,-1.837042,3
NA20903,-0.188839,-0.998558,3
NA20910,0.276082,0.486862,3
NA21086,0.0647132,-1.082779,3
NA21091,-0.100619,0.718206,3
NA21092,0.234479,1.343745,3
NA21094,0.731162,0.666131,3
NA21113,-0.414918,-0.300962,3
HG01589,-0.988995,-0.60756,4
HG02654,2.56008,4.279529,4
HG02685,-0.221905,0.324051,4
HG02691,-0.225362,0.635711,4
HG02731,-0.539296,-0.989326,4
HG02734,0.269584,0.726587,4
HG02736,-0.780178,-1.250139,4
HG02774,0.136667,1.390933,4
HG02783,-0.310717,-0.140189,4
HG02784,0.442089,1.099413,4
HG03006,0.464486,0.050124,4
HG03009,-0.603049,-1.7703,4
HG03016,-0.209527,-0.218366,4
HG03021,-0.400228,-1.141991,4
HG03490,2.04562,3.31467,4
HG03603,0.988292,0.80694,4
HG03611,-0.656097,-0.325018,4
HG03619,-0.810183,-0.365206,4
HG03629,-0.037475,-0.653194,4
HG03643,0.255002,0.774742,4
HG03645,-0.719466,-1.072666,4
HG03649,1.45458,0.668634,4
HG03653,-0.2003,0.220144,4
HG03673,-0.664983,-1.212586,4
HG03681,-0.499439,-0.91453,4
HG03691,0.496694,-1.061278,4
HG03718,0.286866,0.711859,4
HG03744,1.02248,1.92032,4
HG03746,-0.447669,-1.240818,4
HG03750,0.222073,-0.004002,4
HG03756,-0.535325,0.214809,4
HG03774,-0.215666,-0.135902,4
HG03781,-0.067204,0.363694,4
HG03787,0.220431,0.838177,4
HG03802,-0.452533,0.09989,4
HG03821,0.548297,1.706632,4
HG03823,-0.198339,-1.050534,4
HG03830,0.701939,-0.441191,4
HG03851,-1.02458,-1.313548,4
HG03861,-0.302985,1.040612,4
HG03866,-0.260489,-0.123105,4
HG03869,-0.197483,-1.114365,4
HG03897,0.559852,1.497987,4
HG03910,-0.854574,-2.032613,4
HG03940,0.428692,0.855569,4
HG03941,0.267464,0.038047,4
HG03943,-0.096122,-0.683428,4
HG03978,-0.23292,0.479417,4
HG03999,-0.217207,0.217046,4
HG04001,0.11926,0.248896,4
HG04017,0.610758,0.701187,4
HG04020,-0.158409,-0.760214,4
HG04025,-0.072002,0.970385,4
HG04035,0.633421,1.103974,4
HG04047,0.172685,1.061397,4
HG04059,-0.296234,0.27241,4
HG04061,2.46574,3.381518,4
HG04100,-0.049212,-1.348367,4
HG04131,-0.093138,0.295241,4
HG04156,0.809464,0.102753,4
HG04162,-0.610266,-0.796331,4
HG04183,0.358487,0.748339,4
HG04211,-0.85619,-2.057336,4
HG04238,0.029161,-0.296181,4
NA20845,0.718585,1.273478,4
NA20854,0.149764,0.308709,4
NA20856,-0.875666,-1.050902,4
NA20869,-0.185458,0.401348,4
NA20870,-0.110977,-1.180023,4
NA20878,-0.441194,-1.068389,4
NA20885,-0.670278,-0.271708,4
NA20899,-0.711101,0.221485,4
NA20900,-0.00899099,-0.106706,4
NA20901,0.173173,0.411141,4
NA20903,-0.121986,0.688765,4
NA20910,-0.384524,-0.368503,4
NA21086,-0.41802,-0.71978,4
NA21091,0.245168,-0.637975,4
NA21092,0.067468,1.749848,4
NA21094,-0.685755,-1.815737,4
NA21113,-0.213606,1.627286,4
HG01589,-0.255586,-1.089848,5
HG02654,0.915219,0.520799,5
HG02685,-0.305349,-0.84544,5
HG02691,0.838714,1.799072,5
HG02731,0.282397,0.600025,5
HG02734,-0.0808966,0.088088,5
HG02736,-0.554859,-1.056117,5
HG02774,-0.189635,-0.33496,5
HG02783,-0.722767,-0.742211,5
HG02784,-1.46893,-0.278187,5
HG03006,0.301627,0.975251,5
HG03009,-0.853541,-1.498509,5
HG03016,0.873261,1.428902,5
HG03021,0.138544,-0.431114,5
HG03490,-0.579078,-0.369637,5
HG03603,-0.155182,-0.809956,5
HG03611,0.362445,0.027743,5
HG03619,0.82011,0.68714,5
HG03629,0.400545,-0.577171,5
HG03643,-0.458212,-0.513551,5
HG03645,0.554942,0.826112,5
HG03649,-0.945544,-2.548593,5
HG03653,-1.21821,-1.569419,5
HG03673,-0.790414,-1.540975,5
HG03681,0.749544,0.862145,5
HG03691,0.887765,1.242472,5
HG03718,0.140603,1.340231,5
HG03744,0.426302,0.907999,5
HG03746,-0.778057,-0.30054,5
HG03750,1.82496,3.081501,5
HG03756,-0.340823,-0.107935,5
HG03774,0.347292,1.046495,5
HG03781,-0.0768876,0.480494,5
HG03787,-0.621183,-0.192865,5
HG03802,0.598218,0.99287,5
HG03821,0.660632,0.296199,5
HG03823,-0.545563,-0.767095,5
HG03830,-0.4112,-0.076278,5
HG03851,-0.988628,-0.582777,5
HG03861,-0.0809606,0.73759,5
HG03866,-0.416309,-0.057271,5
HG03869,0.23633,0.156152,5
HG03897,0.58119,1.374718,5
HG03910,0.551133,0.905128,5
HG03940,-1.52635,-1.084631,5
HG03941,0.660565,-0.124742,5
HG03943,0.00856339,-0.248689,5
HG03978,0.0377824,0.613293,5
HG03999,-0.742441,0.549395,5
HG04001,0.744535,1.815068,5
HG04017,-0.886034,0.029377,5
HG04020,-0.709872,-1.140973,5
HG04025,-0.26195,-0.393352,5
HG04035,0.0865564,-0.630112,5
HG04047,0.154516,0.53025,5
HG04059,0.182458,0.021198,5
HG04061,-0.216356,0.779043,5
HG04100,-0.356323,-1.506215,5
HG04131,-1.33599,-1.323453,5
HG04156,-0.128551,0.350089,5
HG04162,-0.453393,0.28488,5
HG04183,-0.333629,-0.927586,5
HG04211,-0.263976,0.279381,5
HG04238,-0.0783226,1.539824,5
NA20845,0.262937,-0.15447,5
NA20854,-0.289248,-0.518416,5
NA20856,1.46768,2.079911,5
NA20869,0.249149,0.20893,5
NA20870,-0.440855,-0.6668,5
NA20878,0.638315,0.388522,5
NA20885,0.808756,1.757028,5
NA20899,0.800948,0.590959,5
NA20900,-0.153712,-0.192012,5
NA20901,-0.174397,-0.472787,5
NA20903,0.548853,0.183109,5
NA20910,0.37828,1.760153,5
NA21086,0.0107044,0.907644,5
NA21091,0.269277,-0.415196,5
NA21092,-0.73604,-0.033309,5
NA21094,1.44524,1.185657,5
NA21113,0.524615,0.734777,5
HG01589,-0.694795,-0.668791,6
HG02654,0.111922,1.315649,6
HG02685,-0.516975,-1.376264,6
HG02691,-0.188174,-0.247676,6
HG02731,-0.00890853,0.480689,6
HG02734,0.134239,0.574964,6
HG02736,-1.10904,-1.116717,6
HG02774,-1.34506,-2.268788,6
HG02783,-0.859993,-0.497235,6
HG02784,-0.603336,-0.996145,6
HG03006,0.0288805,0.527839,6
HG03009,0.262645,-0.419027,6
HG03016,0.19454,-0.342309,6
HG03021,0.371024,0.172942,6
HG03490,-0.47597,-0.692785,6
HG03603,0.104544,-0.088564,6
HG03611,0.598249,0.672267,6
HG03619,0.0544695,0.571189,6
HG03629,1.00514,0.913713,6
HG03643,-0.679731,-0.293709,6
HG03645,1.08966,0.463323,6
HG03649,-0.359441,-0.912981,6
HG03653,-0.620253,-0.424047,6
HG03673,-0.260591,-0.44825,6
HG03681,1.61499,1.557397,6
HG03691,0.356474,-0.530704,6
HG03718,0.224858,0.410008,6
HG03744,0.310277,1.68181,6
HG03746,-0.35782,-0.284844,6
HG03750,0.31993,0.936991,6
HG03756,0.153707,-0.616678,6
HG03774,-0.246332,0.053847,6
HG03781,-0.908301,-1.671688,6
HG03787,0.291463,1.096997,6
HG03802,0.42926,0.585358,6
HG03821,0.217708,1.542861,6
HG03823,-0.62171,-0.911209,6
HG03830,0.295665,0.649864,6
HG03851,-0.784453,-0.532495,6
HG03861,-0.851201,-0.656265,6
HG03866,-0.553115,-0.882311,6
HG03869,0.414014,-0.127697,6
HG03897,1.09586,1.646738,6
HG03910,0.0728025,-0.029095,6
HG03940,0.0608465,0.221232,6
HG03941,0.431097,-0.207787,6
HG03943,0.175949,-0.193755,6
HG03978,0.138551,0.194581,6
HG03999,0.127251,1.00402,6
HG04001,-0.103216,-0.636278,6
HG04017,-0.920573,-0.558923,6
HG04020,-0.472769,-0.745846,6
HG04025,-0.138578,-0.386305,6
HG04035,0.0216705,-0.527305,6
HG04047,-0.0225475,0.378065,6
HG04059,0.0175655,-0.301136,6
HG04061,2.15711,1.645912,6
HG04100,0.3675,0.405233,6
HG04131,-0.704018,-1.521355,6
HG04156,-0.20922,-0.643547,6
HG04162,0.345688,-0.489984,6
HG04183,0.161457,0.714452,6
HG04211,0.148518,0.126184,6
HG04238,0.0739915,1.291321,6
NA20845,0.00127147,0.457938,6
NA20854,-0.115775,-0.537503,6
NA20856,0.771148,0.386989,6
NA20869,-0.0547255,0.009399,6
NA20870,-0.429456,-0.174411,6
NA20878,-0.0300805,-0.253633,6
NA20885,0.156935,0.781365,6
NA20899,0.313229,-0.387097,6
NA20900,0.682345,0.712121,6
NA20901,-0.121982,-0.248389,6
NA20903,0.314682,0.520264,6
NA20910,0.663677,-0.978568,6
NA21086,-0.61323,-1.381044,6
NA21091,0.127243,-0.30149,6
NA21092,-0.910706,-1.338338,6
NA21094,0.624776,1.812093,6
NA21113,-0.0604335,0.078364,6
HG01589,0.600225,0.7912,7
HG02654,0.28805,0.545846,7
HG02685,0.876745,0.372019,7
HG02691,-1.44534,-1.169268,7
HG02731,0.776878,0.679047,7
HG02734,2.52244,2.674127,7
HG02736,-0.589404,-0.833485,7
HG02774,-0.383198,-0.212602,7
HG02783,0.972014,0.99296,7
HG02784,-0.0792733,0.238632,7
HG03006,-1.01013,-1.099056,7
HG03009,-0.134972,-0.378963,7
HG03016,-0.946193,-0.012358,7
HG03021,0.534034,1.363058,7
HG03490,-1.15827,-0.596414,7
HG03603,0.802582,0.926624,7
HG03611,-0.122431,-0.213595,7
HG03619,-0.652335,-0.382255,7
HG03629,-0.69556,-0.639832,7
HG03643,0.296114,0.84894,7
HG03645,1.25672,1.208681,7
HG03649,-0.720721,-1.783916,7
HG03653,-0.580062,-0.780534,7
HG03673,0.320979,0.891985,7
HG03681,0.573633,1.199408,7
HG03691,0.554127,1.346686,7
HG03718,-0.500449,0.348989,7
HG03744,0.627952,0.877539,7
HG03746,-0.987973,-0.830087,7
HG03750,-1.13616,-0.834931,7
HG03756,-0.606153,-0.855289,7
HG03774,-0.371373,-0.943992,7
HG03781,-1.05586,-0.724313,7
HG03787,0.537653,0.12025,7
HG03802,0.315812,0.214296,7
HG03821,-0.663517,-0.683977,7
HG03823,0.501512,0.761105,7
HG03830,-0.278096,0.512388,7
HG03851,0.517461,1.246888,7
HG03861,-1.01661,-0.687882,7
HG03866,-1.09488,-1.161541,7
HG03869,0.915642,1.255689,7
HG03897,1.61433,1.962247,7
HG03910,0.485445,-0.216739,7
HG03940,0.296718,0.899121,7
HG03941,1.11675,0.752994,7
HG03943,-0.139631,-0.541847,7
HG03978,-0.0738103,0.130307,7
HG03999,-0.520385,-0.296609,7
HG04001,-0.155451,-0.316768,7
HG04017,-0.168365,-0.265895,7
HG04020,-0.618653,-0.466872,7
HG04025,-0.663527,-1.082201,7
HG04035,0.577474,-0.103735,7
HG04047,0.436284,1.316902,7
HG04059,0.710116,1.07475,7
HG04061,-0.458838,-1.14955,7
HG04100,0.497079,0.432646,7
HG04131,-0.64812,-0.695012,7
HG04156,-0.396265,-0.864101,7
HG04162,0.0201107,0.731221,7
HG04183,1.26999,0.752458,7
HG04211,-0.841643,-1.826938,7
HG04238,-0.408418,0.256394,7
NA20845,1.78668,1.472741,7
NA20854,1.17667,0.988948,7
NA20856,-0.742067,-1.017625,7
NA20869,-0.342964,-0.809655,7
NA20870,0.0334457,0.044305,7
NA20878,-0.165688,-0.315328,7
NA20885,-1.0285,-0.214477,7
NA20899,-0.605526,-1.049294,7
NA20900,0.876835,1.655492,7
NA20901,1.5657,1.385592,7
NA20903,-0.424893,0.294637,7
NA20910,-0.111582,-0.016132,7
NA21086,-0.419691,-0.301826,7
NA21091,-0.0808143,-0.155589,7
NA21092,-0.214186,-0.037359,7
NA21094,-0.117159,-0.071743,7
NA21113,0.19778,0.897643,7
HG01589,0.458539,0.506324,8
HG02654,0.515596,1.035648,8
HG02685,0.512738,1.005805,8
HG02691,-0.504129,-0.005845,8
HG02731,-0.796378,-0.612147,8
HG02734,0.358796,0.691743,8
HG02736,0.491089,0.863745,8
HG02774,-0.612331,0.311414,8
HG02783,-0.722169,-1.345008,8
HG02784,-0.41431,-0.493194,8
HG03006,-0.615766,-1.533156,8
HG03009,0.7045,1.589451,8
HG03016,-0.63524,-0.308597,8
HG03021,0.417346,0.524611,8
HG03490,-0.541873,-0.059606,8
HG03603,0.0391162,0.771379,8
HG03611,0.226298,0.100023,8
HG03619,-0.659716,0.944186,8
HG03629,-0.320829,-0.011233,8
HG03643,0.332497,-0.325822,8
HG03645,0.226516,0.887486,8
HG03649,-0.495736,-0.246116,8
HG03653,-0.583247,-0.341481,8
HG03673,-0.358354,0.552504,8
HG03681,-0.222445,-0.265562,8
HG03691,0.62863,1.355186,8
HG03718,-0.396076,0.535023,8
HG03744,0.398178,0.697214,8
HG03746,-0.319001,0.527818,8
HG03750,-0.151927,0.871549,8
HG03756,-0.0361978,0.140676,8
HG03774,1.03579,-0.260528,8
HG03781,0.159921,-0.012468,8
HG03787,-0.398711,-0.366669,8
HG03802,-0.215801,0.361932,8
HG03821,-0.133871,0.438398,8
HG03823,0.188923,-0.289886,8
HG03830,-0.694312,0.761234,8
HG03851,0.156217,0.192527,8
HG03861,0.302403,2.342831,8
HG03866,-0.242209,-0.846207,8
HG03869,1.4472,1.744142,8
HG03897,0.790737,2.401445,8
HG03910,0.195646,1.129911,8
HG03940,-0.490061,-0.966292,8
HG03941,1.40797,1.341178,8
HG03943,0.455678,0.518012,8
HG03978,-0.00551382,1.207179,8
HG03999,-0.130367,0.106297,8
HG04001,0.719152,0.899381,8
HG04017,-0.0208908,0.919529,8
HG04020,0.313196,-0.446263,8
HG04025,-0.584635,0.072832,8
HG04035,0.673749,-0.112338,8
HG04047,0.40187,0.931866,8
HG04059,-0.32,0.207356,8
HG04061,0.267231,0.845999,8
HG04100,0.84105,0.768917,8
HG04131,0.00826018,0.523635,8
HG04156,-0.509619,-0.35528,8
HG04162,0.385017,-0.228886,8
HG04183,0.243287,-0.081119,8
HG04211,-0.284806,-1.6423,8
HG04238,-0.37456,0.326296,8
NA20845,0.547315,1.136955,8
NA20854,-0.64587,-1.674659,8
NA20856,-0.511234,1.321144,8
NA20869,0.697674,0.784748,8
NA20870,-0.349732,0.040603,8
NA20878,-0.171856,0.4055,8
NA20885,-0.104393,0.963149,8
NA20899,-0.496311,-0.364934,8
NA20900,-0.877703,-0.237874,8
NA20901,0.584167,0.221684,8
NA20903,-0.648663,0.271022,8
NA20910,-0.305244,-0.537434,8
NA21086,0.13995,0.620815,8
NA21091,-0.385734,-0.171235,8
NA21092,-0.193254,-0.007264,8
NA21094,-0.116687,0.724911,8
NA21113,-0.55219,-0.153334,8
HG01589,-0.60908,-0.381496,9
HG02654,-0.203214,0.248425,9
HG02685,-0.391814,-0.700738,9
HG02691,0.0426062,0.383532,9
HG02731,0.342641,0.02399,9
HG02734,-0.56557,0.460817,9
HG02736,-0.847324,-1.043176,9
HG02774,-0.205046,-0.018698,9
HG02783,-0.358798,0.748442,9
HG02784,-0.610112,-0.04929,9
HG03006,-0.160274,0.009069,9
HG03009,-0.205447,-1.552895,9
HG03016,1.86718,1.503909,9
HG03021,-0.173925,-0.550382,9
HG03490,-0.176918,0.16565,9
HG03603,0.384657,-0.077505,9
HG03611,2.00795,1.675304,9
HG03619,0.21973,-0.252221,9
HG03629,0.0657692,0.63573,9
HG03643,-0.481482,-0.158805,9
HG03645,0.0179161,0.149658,9
HG03649,-0.808685,-0.526064,9
HG03653,-0.432158,-0.98238,9
HG03673,-0.682524,-0.388391,9
HG03681,-0.324217,-0.134834,9
HG03691,-0.0571599,-0.067152,9
HG03718,0.0457892,0.12406,9
HG03744,0.326534,-0.112106,9
HG03746,-0.00722985,0.084209,9
HG03750,0.383412,-0.214108,9
HG03756,-0.206499,0.850254,9
HG03774,0.0588852,-0.711309,9
HG03781,-0.341054,-0.148917,9
HG03787,0.21681,0.649542,9
HG03802,2.10234,1.388837,9
HG03821,2.05222,2.499666,9
HG03823,-0.0245338,0.448343,9
HG03830,0.185129,0.792637,9
HG03851,-0.580975,-0.836239,9
HG03861,-0.610724,-0.917295,9
HG03866,1.2752,1.176916,9
HG03869,-0.133902,0.381714,9
HG03897,-0.133278,0.033051,9
HG03910,-0.211942,-0.108786,9
HG03940,-0.874161,-1.252056,9
HG03941,0.109939,-0.143237,9
HG03943,0.15128,0.654892,9
HG03978,0.102797,-0.68423,9
HG03999,-0.0370178,-0.207518,9
HG04001,0.144428,-0.059153,9
HG04017,-0.274917,-0.883836,9
HG04020,-0.448657,-0.194654,9
HG04025,-0.175932,-0.428246,9
HG04035,0.00092315,0.033762,9
HG04047,-0.717336,-0.193733,9
HG04059,-0.230161,-0.799714,9
HG04061,0.0540142,0.44772,9
HG04100,-0.209062,-1.20904,9
HG04131,-0.247128,-0.09064,9
HG04156,-0.299846,-0.295472,9
HG04162,-0.253234,-0.060555,9
HG04183,0.0975862,-0.536844,9
HG04211,0.389153,0.541785,9
HG04238,0.38655,1.191779,9
NA20845,0.0512892,-0.271273,9
NA20854,0.341862,0.760983,9
NA20856,0.0599812,-0.504037,9
NA20869,-0.195143,-0.466402,9
NA20870,-0.0310319,-0.707452,9
NA20878,0.352234,0.153987,9
NA20885,-0.154324,0.064963,9
NA20899,-0.0920418,-0.056593,9
NA20900,0.515663,0.665072,9
NA20901,0.240253,0.245948,9
NA20903,0.00647315,-0.658756,9
NA20910,0.338037,-0.302616,9
NA21086,-0.52564,-1.138421,9
NA21091,0.111499,0.66345,9
NA21092,-0.655917,-0.885998,9
NA21094,0.0787802,0.322672,9
NA21113,0.353589,0.596876,9
HG01589,-0.301077,-0.507592,10
HG02654,-0.00426479,0.335024,10
HG02685,0.2897,0.111676,10
HG02691,-0.675941,-0.659093,10
HG02731,-0.239627,1.326728,10
HG02734,0.956645,0.822712,10
HG02736,-0.663916,-1.198972,10
HG02774,-0.22188,0.040155,10
HG02783,-0.135231,0.110912,10
HG02784,0.147114,0.201142,10
HG03006,0.193127,-1.036456,10
HG03009,0.427865,0.881924,10
HG03016,0.106228,-0.266371,10
HG03021,-0.510573,-0.207044,10
HG03490,-1.28395,-0.535607,10
HG03603,0.861964,2.004319,10
HG03611,-0.482196,0.690231,10
HG03619,0.258501,0.455175,10
HG03629,-0.629464,-1.553429,10
HG03643,1.72464,2.21851,10
HG03645,0.547233,0.624418,10
HG03649,-0.0434658,-0.904747,10
HG03653,-0.0394408,0.247248,10
HG03673,0.0794002,0.236626,10
HG03681,-0.633298,-0.348731,10
HG03691,0.32537,-0.424169,10
HG03718,-0.475517,-0.301058,10
HG03744,0.884473,1.107011,10
HG03746,-0.710563,-0.458494,10
HG03750,-0.602205,-1.541352,10
HG03756,-0.835145,-1.092223,10
HG03774,-0.141186,0.297972,10
HG03781,0.675489,0.976307,10
HG03787,0.551335,0.270261,10
HG03802,0.0159592,0.874457,10
HG03821,0.594311,0.043315,10
HG03823,-0.102408,-0.656303,10
HG03830,0.420231,0.679563,10
HG03851,-0.839842,-1.564821,10
HG03861,0.130646,0.347941,10
HG03866,-0.328998,-0.989677,10
HG03869,0.344461,0.530684,10
HG03897,1.42595,2.472326,10
HG03910,-0.558418,-0.399792,10
HG03940,0.755267,1.160064,10
HG03941,0.162475,0.663527,10
HG03943,0.804124,-0.069259,10
HG03978,-0.751363,-0.099168,10
HG03999,-0.335955,0.257554,10
HG04001,-0.269387,0.019263,10
HG04017,1.13103,1.371998,10
HG04020,-0.0184988,-0.094222,10
HG04025,-0.916597,-0.604319,10
HG04035,0.629726,0.802914,10
HG04047,1.16577,1.051597,10
HG04059,-0.232218,-0.409864,10
HG04061,1.0384,1.432317,10
HG04100,-0.183319,-0.175754,10
HG04131,0.0206132,-0.480956,10
HG04156,0.73692,0.266827,10
HG04162,-0.33657,-0.495394,10
HG04183,0.574141,1.061992,10
HG04211,-0.591899,-0.543005,10
HG04238,0.12169,0.799751,10
NA20845,1.70306,1.226234,10
NA20854,-0.438237,-0.567826,10
NA20856,-1.04278,-0.946362,10
NA20869,0.169932,-0.531146,10
NA20870,-0.324739,-0.052565,10
NA20878,-0.531927,-0.792961,10
NA20885,-1.25806,-1.644352,10
NA20899,-0.75263,-1.307983,10
NA20900,0.378606,1.4681,10
NA20901,0.0884272,1.22094,10
NA20903,-0.269426,-0.278686,10
NA20910,-0.00842679,-0.426261,10
NA21086,-0.832327,-1.493247,10
NA21091,0.656879,-0.654603,10
NA21092,0.865977,0.342667,10
NA21094,-1.48423,-1.289035,10
NA21113,-0.547908,-0.030625,10
HG01589,0.992937,1.199359,11
HG02654,0.395953,0.902406,11
HG02685,-0.202889,-1.281075,11
HG02691,-0.0385251,-0.638402,11
HG02731,-0.507744,-0.158132,11
HG02734,-0.291149,-0.300603,11
HG02736,-0.412955,-0.777094,11
HG02774,0.570027,0.408787,11
HG02783,-0.183646,-0.288752,11
HG02784,-0.533688,-0.012363,11
HG03006,0.369126,0.871052,11
HG03009,-0.86331,-0.653699,11
HG03016,0.674278,-0.120674,11
HG03021,0.298696,0.341376,11
HG03490,-0.936019,-1.102485,11
HG03603,-0.271413,-0.460362,11
HG03611,-1.73292,-1.261902,11
HG03619,0.225515,0.452358,11
HG03629,0.756689,1.033649,11
HG03643,-0.359767,-1.0085,11
HG03645,0.396697,0.608204,11
HG03649,-0.447303,-2.848013,11
HG03653,0.389668,-0.413623,11
HG03673,0.258823,0.459804,11
HG03681,1.23784,0.711073,11
HG03691,0.31879,-0.157114,11
HG03718,0.106577,-0.329189,11
HG03744,0.333975,0.709271,11
HG03746,-0.442003,-1.200105,11
HG03750,0.300352,0.702092,11
HG03756,-1.00812,-0.624776,11
HG03774,-0.0876481,-1.316067,11
HG03781,-0.210549,-0.675981,11
HG03787,-0.648735,-1.466636,11
HG03802,-0.406744,-0.20486,11
HG03821,-0.0852421,-1.729452,11
HG03823,-0.390902,-1.672137,11
HG03830,0.299904,-0.383558,11
HG03851,-0.142668,-0.239433,11
HG03861,-0.635455,-1.516166,11
HG03866,-0.122855,-1.264438,11
HG03869,-0.135523,-0.237413,11
HG03897,-0.104929,1.209874,11
HG03910,0.102833,-0.391051,11
HG03940,0.812833,0.899889,11
HG03941,0.746045,1.642886,11
HG03943,0.0890819,-0.771375,11
HG03978,0.249245,1.102751,11
HG03999,-0.287224,-1.25649,11
HG04001,-0.126007,-0.92004,11
HG04017,-0.212879,-0.052771,11
HG04020,0.107075,-0.041806,11
HG04025,0.0983929,0.471511,11
HG04035,-0.19326,-0.305023,11
HG04047,-0.478699,0.106882,11
HG04059,1.26521,0.800878,11
HG04061,0.367938,-0.025031,11
HG04100,-0.556735,-1.111844,11
HG04131,-0.833648,-1.383579,11
HG04156,0.490555,-0.519384,11
HG04162,-0.92054,-0.726592,11
HG04183,0.38996,0.364397,11
HG04211,-0.329921,-0.316017,11
HG04238,0.0786729,-0.486445,11
NA20845,0.259527,0.193876,11
NA20854,0.347291,1.227372,11
NA20856,0.146825,-0.189869,11
NA20869,0.349513,-0.277528,11
NA20870,0.0895489,1.036704,11
NA20878,0.671736,0.434735,11
NA20885,0.0965939,0.026834,11
NA20899,-0.0931671,-0.131796,11
NA20900,1.07383,0.754773,11
NA20901,0.0953669,0.120443,11
NA20903,-0.0671741,-0.885877,11
NA20910,0.273591,1.079516,11
NA21086,0.737149,0.794162,11
NA21091,0.1959,-0.048658,11
NA21092,-0.441829,0.021714,11
NA21094,-0.0157151,-0.351557,11
NA21113,-0.22723,0.228254,11
HG01589,0.503794,1.276449,12
HG02654,3.04929,3.408554,12
HG02685,0.380724,0.385964,12
HG02691,0.382341,0.940616,12
HG02731,-0.0355862,-0.128916,12
HG02734,-0.628749,-1.440239,12
HG02736,-0.771385,-0.742434,12
HG02774,0.301034,0.828665,12
HG02783,-0.00110517,0.848324,12
HG02784,0.128571,1.031348,12
HG03006,0.313072,0.402174,12
HG03009,-0.669294,-0.691525,12
HG03016,-0.388887,-0.085192,12
HG03021,-0.631325,-0.998096,12
HG03490,2.80899,3.661077,12
HG03603,0.238443,0.838919,12
HG03611,-0.217283,0.006936,12
HG03619,0.250689,0.512387,12
HG03629,-0.527714,-0.793766,12
HG03643,-0.493835,-0.624852,12
HG03645,-0.561533,-0.0545,12
HG03649,1.88473,1.973525,12
HG03653,-0.0432702,-0.095843,12
HG03673,-0.659816,0.63949,12
HG03681,0.670634,0.964858,12
HG03691,0.54517,1.006236,12
HG03718,0.256322,0.211949,12
HG03744,-0.529491,0.349644,12
HG03746,-0.425703,-0.364212,12
HG03750,0.246899,1.049299,12
HG03756,-0.47904,0.279005,12
HG03774,-0.397829,-0.138918,12
HG03781,-0.323093,0.261439,12
HG03787,-1.19429,-0.689873,12
HG03802,0.394632,1.364021,12
HG03821,0.988215,2.036245,12
HG03823,-0.0801742,0.085039,12
HG03830,0.266425,0.379563,12
HG03851,-0.386015,0.421609,12
HG03861,0.0760758,-0.241792,12
HG03866,0.0152998,0.819319,12
HG03869,-0.521225,0.035812,12
HG03897,-0.603079,0.11952,12
HG03910,0.0304938,0.142783,12
HG03940,-0.179323,-0.100486,12
HG03941,-0.354431,0.051853,12
HG03943,-0.338645,0.339641,12
HG03978,-0.572468,-0.378843,12
HG03999,-0.202728,0.142816,12
HG04001,-0.747827,-0.94826,12
HG04017,-0.349752,-0.32788,12
HG04020,-1.0774,-0.724921,12
HG04025,-0.562209,0.383285,12
HG04035,0.263047,1.097285,12
HG04047,-0.254184,-0.902016,12
HG04059,-0.869587,-1.270461,12
HG04061,2.28111,2.235762,12
HG04100,-0.750915,-0.827508,12
HG04131,-0.389797,-0.029195,12
HG04156,-1.2672,-1.636727,12
HG04162,-0.585597,0.146244,12
HG04183,0.304099,0.440614,12
HG04211,-0.257636,0.466263,12
HG04238,0.149293,0.388593,12
NA20845,-0.42777,-1.073155,12
NA20854,-0.300191,-0.82623,12
NA20856,1.03041,0.900026,12
NA20869,-0.00155117,0.369135,12
NA20870,-0.228881,0.252961,12
NA20878,-0.181021,-0.302112,12
NA20885,-0.0167962,0.290297,12
NA20899,-0.0788282,-0.125159,12
NA20900,-1.56638,-1.287787,12
NA20901,0.750373,1.841642,12
NA20903,0.689823,1.280706,12
NA20910,0.318078,0.395072,12
NA21086,0.428748,-0.139269,12
NA21091,0.0450258,0.243795,12
NA21092,-0.26681,0.404752,12
NA21094,0.429391,0.927956,12
NA21113,0.410044,0.71344,12
HG01589,0.315085,1.031854,13
HG02654,0.606311,0.820959,13
HG02685,1.14422,0.278152,13
HG02691,1.8542,1.729549,13
HG02731,-1.449,-1.429138,13
HG02734,-1.03379,0.984347,13
HG02736,1.03395,2.079739,13
HG02774,0.317292,0.169121,13
HG02783,-0.344561,0.068551,13
HG02784,-0.181677,0.908374,13
HG03006,-0.142171,1.286903,13
HG03009,-0.110588,-0.180016,13
HG03016,0.739285,0.640285,13
HG03021,-0.485732,0.207654,13
HG03490,1.18607,1.50586,13
HG03603,-0.335238,-0.03534,13
HG03611,-1.38168,-0.599066,13
HG03619,0.647623,1.379799,13
HG03629,0.631976,0.070406,13
HG03643,-0.39723,-0.135485,13
HG03645,-0.178714,0.075505,13
HG03649,-1.59522,-1.389548,13
HG03653,-0.213708,0.223353,13
HG03673,-0.677433,0.588812,13
HG03681,-0.80937,0.183359,13
HG03691,1.06897,1.297561,13
HG03718,0.781464,0.106972,13
HG03744,0.30531,1.375664,13
HG03746,0.0131886,0.76096,13
HG03750,1.48419,2.425703,13
HG03756,-1.59067,-1.302539,13
HG03774,-0.355325,0.771954,13
HG03781,-1.21348,-0.597222,13
HG03787,0.416404,0.283203,13
HG03802,-0.240621,-0.512153,13
HG03821,0.930178,0.737746,13
HG03823,2.03183,2.433586,13
HG03830,-1.38668,-0.240093,13
HG03851,-0.120315,0.688197,13
HG03861,0.141547,1.172597,13
HG03866,-0.478949,0.768012,13
HG03869,-0.31755,-0.496686,13
HG03897,-0.272063,0.255895,13
HG03910,0.24699,1.14887,13
HG03940,-0.0465294,0.631103,13
HG03941,-0.517303,-0.009275,13
HG03943,0.0747276,0.335099,13
HG03978,-0.572928,1.044801,13
HG03999,0.10606,0.483548,13
HG04001,-0.711246,-0.316862,13
HG04017,-0.160974,0.217835,13
HG04020,-0.706472,-0.585814,13
HG04025,-0.171531,-0.107031,13
HG04035,0.722211,0.9403,13
HG04047,0.0792556,0.632796,13
HG04059,-0.106133,-0.271684,13
HG04061,1.18255,1.342883,13
HG04100,-0.307256,-0.185885,13
HG04131,-1.16821,0.126577,13
HG04156,-0.357358,0.551384,13
HG04162,-2.24486,-1.681398,13
HG04183,0.0249156,0.819133,13
HG04211,-0.417482,0.301477,13
HG04238,0.668578,0.379735,13
NA20845,-0.221018,-0.033368,13
NA20854,-0.296936,-0.822094,13
NA20856,1.33736,3.103935,13
NA20869,-0.288539,1.0246,13
NA20870,-0.454664,-0.359146,13
NA20878,-0.143437,-0.0199,13
NA20885,0.530647,1.086482,13
NA20899,-0.518786,-0.870263,13
NA20900,0.541166,0.227413,13
NA20901,-0.856858,-0.169901,13
NA20903,0.807295,1.974173,13
NA20910,0.341421,0.25102,13
NA21086,1.00979,1.066254,13
NA21091,-0.192151,0.551797,13
NA21092,-1.06934,0.14605,13
NA21094,2.99926,4.245384,13
NA21113,1.06163,1.73528,13
HG01589,0.138712,-0.071749,14
HG02654,0.341522,0.20874,14
HG02685,0.37672,-0.006091,14
HG02691,-0.37701,-0.117015,14
HG02731,0.357056,0.976088,14
HG02734,-0.10087,0.194355,14
HG02736,0.208346,-0.172399,14
HG02774,0.267264,0.207343,14
HG02783,-0.83839,-1.465804,14
HG02784,-0.316584,-0.332308,14
HG03006,-0.199104,0.058324,14
HG03009,-0.125852,0.453954,14
HG03016,2.10616,1.813761,14
HG03021,-0.0479125,-0.061126,14
HG03490,-0.319912,-0.237762,14
HG03603,-0.250994,0.252548,14
HG03611,1.59411,1.929233,14
HG03619,-0.20405,-0.157896,14
HG03629,-0.653262,-0.72545,14
HG03643,-0.173602,-0.600894,14
HG03645,-0.49248,-1.229114,14
HG03649,-0.614894,-0.525068,14
HG03653,-0.55544,-1.419811,14
HG03673,-0.0130625,0.347035,14
HG03681,0.59291,-0.12853,14
HG03691,0.361062,0.429579,14
HG03718,0.112176,-0.256225,14
HG03744,0.263296,0.585238,14
HG03746,-0.775364,-0.23579,14
HG03750,0.49956,0.483903,14
HG03756,-0.72544,-1.639017,14
HG03774,-0.272078,0.019329,14
HG03781,-0.814358,-0.542532,14
HG03787,-0.313584,-0.36464,14
HG03802,1.86155,2.265802,14
HG03821,1.20553,1.553255,14
HG03823,-0.626956,-0.196537,14
HG03830,-0.338276,-0.09868,14
HG03851,-0.85665,-0.074025,14
HG03861,0.42353,0.425448,14
HG03866,0.867548,0.587337,14
HG03869,0.232236,-0.31147,14
HG03897,0.47132,1.154399,14
HG03910,0.233332,0.242535,14
HG03940,-0.452536,0.110604,14
HG03941,0.467184,-0.160602,14
HG03943,-0.0476485,-0.043516,14
HG03978,-0.601836,-0.090969,14
HG03999,-0.400876,0.316479,14
HG04001,0.0619275,0.168539,14
HG04017,0.0609305,-0.028389,14
HG04020,0.0152735,-0.342462,14
HG04025,-0.500602,-0.203568,14
HG04035,-0.131006,-0.699194,14
HG04047,-0.0591255,-0.099815,14
HG04059,0.306232,0.337848,14
HG04061,-0.329594,-0.194721,14
HG04100,0.0130825,0.830289,14
HG04131,-0.314694,-0.043688,14
HG04156,-0.65084,-1.034911,14
HG04162,-0.245292,-0.013099,14
HG04183,0.597234,0.639843,14
HG04211,-0.800036,-0.782296,14
HG04238,-0.495246,-0.685636,14
NA20845,0.717022,0.555786,14
NA20854,0.0525045,0.114266,14
NA20856,0.41408,0.615539,14
NA20869,0.206408,-0.077217,14
NA20870,-0.363076,0.060473,14
NA20878,-0.371186,-0.139429,14
NA20885,-0.310144,-0.613524,14
NA20899,-0.222208,-0.433911,14
NA20900,-0.521808,-0.890058,14
NA20901,0.243384,0.459803,14
NA20903,-0.106492,0.145006,14
NA20910,-0.0471235,-1.13957,14
NA21086,0.152304,0.496196,14
NA21091,-0.446506,9.9e-05,14
NA21092,-0.288364,-0.609071,14
NA21094,0.445882,0.362014,14
NA21113,0.923172,1.971002,14
HG01589,0.927094,0.535243,15
HG02654,0.262032,0.199676,15
HG02685,-0.348307,0.280505,15
HG02691,0.448164,0.48349,15
HG02731,-0.540324,0.993813,15
HG02734,0.53013,0.042292,15
HG02736,-0.255269,-1.124079,15
HG02774,-0.0274301,0.552718,15
HG02783,-0.254947,0.593801,15
HG02784,0.0334859,1.175829,15
HG03006,0.118857,1.392401,15
HG03009,0.0504469,0.628874,15
HG03016,0.114318,0.049349,15
HG03021,0.302119,1.035729,15
HG03490,-0.173917,0.309278,15
HG03603,-0.134714,-0.023661,15
HG03611,-1.07905,-1.187607,15
HG03619,-0.1072,-0.300733,15
HG03629,0.280261,0.108205,15
HG03643,-0.207071,-0.003689,15
HG03645,0.633277,0.549916,15
HG03649,-0.247208,0.036936,15
HG03653,-0.222535,0.509504,15
HG03673,0.606931,0.296554,15
HG03681,0.611536,0.04187,15
HG03691,-0.0391151,-0.109171,15
HG03718,-0.239505,-0.315687,15
HG03744,0.31197,0.504886,15
HG03746,-0.331196,0.179481,15
HG03750,0.119851,0.529422,15
HG03756,-0.979535,-0.812118,15
HG03774,-0.327164,-0.260451,15
HG03781,-0.344761,-0.868554,15
HG03787,-0.495305,-1.212609,15
HG03802,-0.365431,-0.320671,15
HG03821,-0.430505,-0.692744,15
HG03823,0.286566,1.166314,15
HG03830,-0.918359,-1.735921,15
HG03851,-0.145132,-0.248596,15
HG03861,-0.345905,0.367145,15
HG03866,-0.277015,-0.331266,15
HG03869,-0.583205,-0.517972,15
HG03897,0.564604,1.612327,15
HG03910,-0.0276361,-0.894007,15
HG03940,0.302301,1.577286,15
HG03941,0.397182,0.017917,15
HG03943,-0.206556,-0.454974,15
HG03978,0.146782,-0.137988,15
HG03999,-0.0159341,1.476482,15
HG04001,-0.474982,-0.907004,15
HG04017,-0.0125951,0.511161,15
HG04020,0.234724,-0.533891,15
HG04025,0.324304,0.429042,15
HG04035,0.204739,0.443657,15
HG04047,0.720484,2.02661,15
HG04059,0.871671,1.077813,15
HG04061,0.0266689,0.484305,15
HG04100,0.151608,-0.215794,15
HG04131,-0.413927,-0.938582,15
HG04156,0.173551,1.548296,15
HG04162,-0.754699,-1.692155,15
HG04183,0.190144,-0.285646,15
HG04211,0.727171,0.760534,15
HG04238,0.420247,1.377591,15
NA20845,0.0341929,0.624606,15
NA20854,-0.203154,-0.624232,15
NA20856,-0.392119,-1.077825,15
NA20869,0.183536,1.426145,15
NA20870,0.267409,0.606653,15
NA20878,0.136494,-0.199454,15
NA20885,0.392965,1.329515,15
NA20899,-0.232655,-0.838299,15
NA20900,-0.64057,-1.119864,15
NA20901,0.563497,1.134388,15
NA20903,-0.37185,-0.54884,15
NA20910,0.20578,0.368893,15
NA21086,-0.0516081,-1.272648,15
NA21091,-0.105985,-1.120251,15
NA21092,-0.565507,-0.03439,15
NA21094,0.226331,-1.133288,15
NA21113,0.145897,0.277735,15
HG01589,1.12982,1.17644,16
HG02654,-0.519952,-0.660577,16
HG02685,-0.0327733,-0.096858,16
HG02691,0.765485,0.127935,16
HG02731,0.794249,1.757784,16
HG02734,-0.780731,-1.213332,16
HG02736,-1.07642,-2.14579,16
HG02774,-1.38277,-1.950698,16
HG02783,-0.61582,-1.051661,16
HG02784,-0.9661,-0.988178,16
HG03006,0.362491,0.007005,16
HG03009,-0.0329113,-0.726931,16
HG03016,-0.657187,-1.46788,16
HG03021,-0.549149,-0.038581,16
HG03490,0.269025,0.154098,16
HG03603,-0.0182893,0.227923,16
HG03611,0.12805,-0.416495,16
HG03619,-0.659774,-0.004539,16
HG03629,0.0250797,-0.438795,16
HG03643,-0.0883603,-0.667958,16
HG03645,0.234185,-0.947002,16
HG03649,-0.750925,-1.565318,16
HG03653,-0.798907,-1.356366,16
HG03673,-0.0345413,0.042625,16
HG03681,1.48526,1.324463,16
HG03691,0.0499677,0.143704,16
HG03718,-0.301245,-0.248617,16
HG03744,-0.213517,0.43661,16
HG03746,-0.493932,-0.64603,16
HG03750,0.100655,0.7839,16
HG03756,-0.188153,0.10388,16
HG03774,0.21542,0.385417,16
HG03781,-0.274599,-0.363229,16
HG03787,0.439496,0.113313,16
HG03802,2.32386,3.313859,16
HG03821,0.771399,0.665405,16
HG03823,0.0833817,0.136415,16
HG03830,0.683314,0.827287,16
HG03851,-1.09538,-0.321406,16
HG03861,-0.391925,-0.61523,16
HG03866,-0.30363,-0.108351,16
HG03869,-0.282024,-0.639317,16
HG03897,0.0112787,0.887064,16
HG03910,-0.167545,-0.774802,16
HG03940,-1.8295,-1.306388,16
HG03941,-0.270945,0.064381,16
HG03943,0.48065,-0.14905,16
HG03978,-0.0765733,0.485458,16
HG03999,0.323721,0.619407,16
HG04001,0.605097,-0.470023,16
HG04017,-0.364688,-0.610288,16
HG04020,-0.631582,-0.742476,16
HG04025,-0.610629,-0.421282,16
HG04035,-0.203978,-0.352064,16
HG04047,-0.660565,0.257862,16
HG04059,0.524166,1.177023,16
HG04061,0.804794,-0.345476,16
HG04100,-0.488341,-0.726147,16
HG04131,-0.938982,-0.645442,16
HG04156,-0.341828,-0.335317,16
HG04162,-0.42134,-0.231225,16
HG04183,0.816322,0.509662,16
HG04211,-0.12466,-0.887675,16
HG04238,0.928033,0.734741,16
NA20845,0.34279,0.649377,16
NA20854,0.774319,0.926273,16
NA20856,0.583306,0.6328,16
NA20869,0.134842,-0.774025,16
NA20870,-0.189245,-1.198258,16
NA20878,0.548533,-0.384004,16
NA20885,0.362064,0.221873,16
NA20899,0.00245271,0.320208,16
NA20900,-0.234046,-0.607649,16
NA20901,1.2325,0.225436,16
NA20903,-0.153575,-0.176158,16
NA20910,0.60939,0.179156,16
NA21086,-0.230498,-1.58797,16
NA21091,0.146505,0.516021,16
NA21092,-0.788192,-1.227088,16
NA21094,0.490981,0.88747,16
NA21113,1.4188,2.424256,16
HG01589,0.470133,1.032308,17
HG02654,0.577174,0.372236,17
HG02685,0.101424,-0.127711,17
HG02691,-0.45013,-0.215013,17
HG02731,-0.593437,-0.10757,17
HG02734,-0.206731,-0.747161,17
HG02736,-0.61514,-0.469864,17
HG02774,0.413889,1.240643,17
HG02783,-0.867649,-1.224172,17
HG02784,0.44837,1.872995,17
HG03006,1.04935,0.610054,17
HG03009,0.0723369,0.033795,17
HG03016,-0.139742,0.213991,17
HG03021,0.0440429,1.166872,17
HG03490,-0.629298,-0.138853,17
HG03603,0.697077,1.299178,17
HG03611,-1.01364,-1.309872,17
HG03619,-0.0934221,0.398453,17
HG03629,-0.00199006,1.129579,17
HG03643,0.0604159,-0.419156,17
HG03645,-0.281048,-1.228105,17
HG03649,0.256419,0.56298,17
HG03653,-0.109441,0.159477,17
HG03673,-0.68409,-0.651328,17
HG03681,0.0755189,0.424423,17
HG03691,0.49238,0.371012,17
HG03718,0.334055,0.334842,17
HG03744,1.06861,2.223244,17
HG03746,-0.13535,-0.009447,17
HG03750,0.0657529,0.278301,17
HG03756,-1.70365,-1.772827,17
HG03774,-0.794118,-1.410087,17
HG03781,-0.797104,0.177627,17
HG03787,-0.162464,-0.144332,17
HG03802,0.0339489,0.884202,17
HG03821,0.100493,1.161613,17
HG03823,0.231574,1.337069,17
HG03830,0.970378,1.517092,17
HG03851,-0.349306,-0.405865,17
HG03861,-0.819309,-1.44204,17
HG03866,-0.28578,-0.318271,17
HG03869,-0.790047,-0.70215,17
HG03897,0.564765,1.59174,17
HG03910,-0.542562,-0.093747,17
HG03940,0.14479,0.159411,17
HG03941,0.655624,1.463714,17
HG03943,0.100016,0.482084,17
HG03978,0.185626,-0.012622,17
HG03999,0.322642,1.248435,17
HG04001,0.119559,0.118574,17
HG04017,0.590291,1.247142,17
HG04020,-0.0392491,-0.603483,17
HG04025,0.181424,0.487609,17
HG04035,0.846728,1.170692,17
HG04047,0.119556,0.645184,17
HG04059,0.119504,0.204721,17
HG04061,0.0670969,-0.468386,17
HG04100,0.0460239,0.521233,17
HG04131,-0.249824,-0.407218,17
HG04156,0.200453,0.581328,17
HG04162,-1.60235,-0.825177,17
HG04183,0.145718,-0.588182,17
HG04211,0.286033,0.248395,17
HG04238,0.618138,1.426982,17
NA20845,0.527361,0.944778,17
NA20854,0.468622,0.946281,17
NA20856,-0.806774,-0.795784,17
NA20869,0.431458,0.896092,17
NA20870,0.193361,0.028879,17
NA20878,-0.0661551,0.949757,17
NA20885,-0.23071,-0.808182,17
NA20899,-0.909635,-1.852855,17
NA20900,0.196556,0.66632,17
NA20901,0.133369,0.476421,17
NA20903,0.341282,0.506506,17
NA20910,0.319224,0.381351,17
NA21086,0.125942,0.365964,17
NA21091,0.759633,1.955363,17
NA21092,-0.425772,0.189096,17
NA21094,-0.0700011,0.253559,17
NA21113,0.288339,0.941802,17
HG01589,0.128637,-0.457355,18
HG02654,-0.0933732,0.044245,18
HG02685,-0.266028,-1.309915,18
HG02691,0.364561,1.031878,18
HG02731,0.000941837,0.539348,18
HG02734,0.266888,0.853727,18
HG02736,-1.04811,-1.995189,18
HG02774,-0.38624,-0.12735,18
HG02783,-0.867167,-1.063923,18
HG02784,-0.55564,-0.119004,18
HG03006,-0.299477,-0.766869,18
HG03009,1.26793,1.767974,18
HG03016,0.204722,0.142058,18
HG03021,-0.100541,-0.098049,18
HG03490,0.13875,0.603924,18
HG03603,0.675675,0.005981,18
HG03611,0.32917,-0.474825,18
HG03619,1.12294,0.867889,18
HG03629,0.471396,-0.196306,18
HG03643,0.329378,0.613116,18
HG03645,0.571055,1.060795,18
HG03649,0.340013,0.50699,18
HG03653,-0.630923,-0.978057,18
HG03673,0.687543,-0.118663,18
HG03681,0.0825948,-0.174729,18
HG03691,0.233992,-0.711541,18
HG03718,-0.37852,0.017329,18
HG03744,0.227119,-0.490635,18
HG03746,-0.266268,-0.573613,18
HG03750,0.232235,-0.458745,18
HG03756,0.169773,0.287254,18
HG03774,0.451777,-0.331481,18
HG03781,0.557668,0.561342,18
HG03787,1.10867,0.774151,18
HG03802,0.390565,0.58852,18
HG03821,0.270445,0.951828,18
HG03823,-0.578641,-1.097395,18
HG03830,-2.19883,-1.481012,18
HG03851,-0.674689,-1.360725,18
HG03861,-0.676833,-1.563758,18
HG03866,-0.493463,-1.558355,18
HG03869,-0.10089,-0.681703,18
HG03897,1.02277,1.505974,18
HG03910,0.0774368,-0.794438,18
HG03940,-1.31123,-1.462263,18
HG03941,0.0196448,-0.16554,18
HG03943,-0.403798,-1.39546,18
HG03978,0.461616,0.364101,18
HG03999,-0.0370302,0.330586,18
HG04001,-0.178259,-1.800594,18
HG04017,-0.0223092,-0.026685,18
HG04020,-0.766992,-2.672263,18
HG04025,-0.475469,0.193905,18
HG04035,-0.0523092,-1.611332,18
HG04047,0.40516,1.179187,18
HG04059,0.233,0.325844,18
HG04061,-0.362678,-0.783242,18
HG04100,-0.224526,-0.647447,18
HG04131,-0.788054,-0.682172,18
HG04156,1.08453,1.941265,18
HG04162,-0.144211,-0.698722,18
HG04183,0.112115,1.237686,18
HG04211,0.175097,0.480492,18
HG04238,0.295431,-0.037121,18
NA20845,1.11625,1.892784,18
NA20854,-0.146537,0.315454,18
NA20856,0.256446,-0.547239,18
NA20869,-0.973486,-1.133676,18
NA20870,-0.112835,-0.554127,18
NA20878,-0.0981462,-0.960889,18
NA20885,-0.300981,-0.004387,18
NA20899,0.180556,0.024316,18
NA20900,-0.549252,-0.697274,18
NA20901,0.0204508,0.397082,18
NA20903,-0.177969,-0.724817,18
NA20910,0.169506,0.963418,18
NA21086,-0.592463,-0.86701,18
NA21091,-0.0156582,-1.736207,18
NA21092,0.624532,0.185829,18
NA21094,-0.122165,-2.002415,18
NA21113,0.0437538,-0.152402,18
HG01589,-0.506041,-1.129761,19
HG02654,0.0530964,-0.954633,19
HG02685,0.561994,0.339926,19
HG02691,0.122719,-0.500231,19
HG02731,-0.477372,-0.61383,19
HG02734,-0.335921,0.315277,19
HG02736,-0.479468,-2.209274,19
HG02774,0.148218,-0.255676,19
HG02783,-0.593316,-0.600462,19
HG02784,-0.303004,-0.751153,19
HG03006,0.123165,0.012202,19
HG03009,-0.182457,-0.865332,19
HG03016,2.07166,1.65954,19
HG03021,-0.0637026,-0.738804,19
HG03490,-0.526843,-1.572622,19
HG03603,0.421134,-0.545227,19
HG03611,0.84866,1.064363,19
HG03619,-0.254447,-0.519948,19
HG03629,-0.214095,-1.214724,19
HG03643,-0.480623,0.058917,19
HG03645,-0.242543,-0.682204,19
HG03649,-1.07061,-1.863191,19
HG03653,-0.0329066,-0.025406,19
HG03673,-0.841816,-0.742358,19
HG03681,-0.595355,-1.091897,19
HG03691,0.114091,0.267728,19
HG03718,0.397594,0.284258,19
HG03744,0.702588,-0.147391,19
HG03746,-0.573998,-0.877998,19
HG03750,0.156946,-0.104225,19
HG03756,-1.02546,-0.959448,19
HG03774,-0.844553,-1.234983,19
HG03781,-0.241857,-0.533778,19
HG03787,-0.309495,-1.551627,19
HG03802,1.93664,2.819692,19
HG03821,1.10202,1.872466,19
HG03823,0.1764,-0.225316,19
HG03830,0.634934,0.916112,19
HG03851,-0.369141,-0.62617,19
HG03861,0.00194939,-0.50654,19
HG03866,1.08242,0.706584,19
HG03869,-0.707034,-0.365547,19
HG03897,0.0769084,-0.889319,19
HG03910,-0.0914376,0.186189,19
HG03940,-0.0396966,-0.069487,19
HG03941,0.542735,-0.52365,19
HG03943,0.635192,-0.094832,19
HG03978,0.0472774,0.776869,19
HG03999,0.0938994,-0.827157,19
HG04001,0.0441734,-0.3671,19
HG04017,0.724056,0.187714,19
HG04020,0.36924,0.653799,19
HG04025,0.0197484,-0.044523,19
HG04035,0.0295994,0.60295,19
HG04047,-0.166032,-0.540062,19
HG04059,-0.0795486,-0.474755,19
HG04061,0.118591,0.681919,19
HG04100,-0.14013,-1.559433,19
HG04131,-0.319079,-0.786632,19
HG04156,-0.0715656,-0.779724,19
HG04162,-1.09288,-0.907142,19
HG04183,-0.156145,0.192007,19
HG04211,-0.453481,-0.679401,19
HG04238,0.448361,0.857833,19
NA20845,0.18874,-1.059306,19
NA20854,-0.0709036,0.290556,19
NA20856,-0.486922,-0.605792,19
NA20869,-0.161065,-0.223911,19
NA20870,0.236051,0.059373,19
NA20878,0.504797,-0.553704,19
NA20885,0.193992,0.564665,19
NA20899,-0.687737,-1.348262,19
NA20900,-0.306454,-1.098548,19
NA20901,-0.336649,-0.480677,19
NA20903,-0.0516036,0.090708,19
NA20910,0.573662,-0.138607,19
NA21086,0.103181,-0.872106,19
NA21091,0.410748,-1.137978,19
NA21092,-0.469065,-0.602498,19
NA21094,-0.404014,-0.326187,19
NA21113,0.532817,1.077347,19
HG01589,1.42277,2.434172,20
HG02654,0.640994,0.296553,20
HG02685,0.832542,1.278088,20
HG02691,-0.355791,0.098965,20
HG02731,0.567208,1.201728,20
HG02734,0.795786,1.487335,20
HG02736,0.89387,0.798871,20
HG02774,-0.153295,0.451738,20
HG02783,0.193398,0.516304,20
HG02784,-0.444715,0.520748,20
HG03006,0.0199876,0.696193,20
HG03009,0.290004,0.550507,20
HG03016,0.41269,0.199266,20
HG03021,0.0708986,-0.057666,20
HG03490,-0.497516,-0.145346,20
HG03603,-0.0778244,-0.05694,20
HG03611,0.178916,-0.48825,20
HG03619,-0.128912,0.494961,20
HG03629,-0.549794,-0.472468,20
HG03643,0.208445,-0.063594,20
HG03645,-0.315469,-0.305614,20
HG03649,-2.09442,-2.114371,20
HG03653,-1.18602,-1.054408,20
HG03673,-0.0596684,0.879438,20
HG03681,0.947724,1.076643,20
HG03691,0.464683,1.075064,20
HG03718,-0.646451,-0.346468,20
HG03744,0.255363,0.703559,20
HG03746,-1.00531,-1.442936,20
HG03750,0.67201,1.974299,20
HG03756,-0.886753,-0.50437,20
HG03774,0.341461,0.344511,20
HG03781,-0.796084,-0.985672,20
HG03787,-0.0945614,-0.180594,20
HG03802,-0.125835,0.588518,20
HG03821,-0.762214,-0.365486,20
HG03823,0.226498,0.446601,20
HG03830,-0.796968,-0.607992,20
HG03851,0.0074276,-0.372736,20
HG03861,0.319426,1.491731,20
HG03866,-1.09525,-0.284588,20
HG03869,1.10196,2.044172,20
HG03897,0.484615,0.55544,20
HG03910,0.496485,0.099302,20
HG03940,0.302874,-0.147752,20
HG03941,0.686493,0.748134,20
HG03943,0.51011,0.973777,20
HG03978,-0.602519,-0.382413,20
HG03999,-0.682448,-0.23378,20
HG04001,0.0185266,-1.063939,20
HG04017,-0.228891,0.372872,20
HG04020,-0.0663054,-0.019127,20
HG04025,-0.462334,-0.08381,20
HG04035,-0.0403114,0.970247,20
HG04047,-0.240999,-0.123973,20
HG04059,0.523966,0.648421,20
HG04061,0.194225,0.33006,20
HG04100,0.0653566,0.23557,20
HG04131,-1.11196,-0.14424,20
HG04156,-0.79118,-0.796368,20
HG04162,-0.0505384,0.650498,20
HG04183,1.11476,0.789204,20
HG04211,-1.06897,-0.614101,20
HG04238,-0.757537,-0.424974,20
NA20845,1.14885,1.772848,20
NA20854,0.321402,-0.158295,20
NA20856,0.525071,0.720133,20
NA20869,0.367305,0.926172,20
NA20870,-0.758428,-0.919976,20
NA20878,-0.416713,-0.87299,20
NA20885,-0.568035,0.198727,20
NA20899,-0.0417354,-0.674191,20
NA20900,-0.185778,0.082553,20
NA20901,1.18872,1.408556,20
NA20903,-0.319078,-0.659887,20
NA20910,-0.0770984,-0.34272,20
NA21086,0.130434,0.590193,20
NA21091,-0.936625,-0.999228,20
NA21092,-0.372044,-0.030164,20
NA21094,1.67164,1.073561,20
NA21113,1.05173,1.303698,20
